0,1301
1,15430
2,4093
3,6575
4,5451
5,5143
6,3890
7,7488
8,5066
9,3717
10,3610
11,5576
12,5212
13,5154
14,3928
15,5260
16,15999
17,5221
18,5547
19,7751
20,7734
21,7757
22,7597
23,1049
24,11166
25,5265
26,6073
27,5612
28,5424
29,9142
30,7766
31,6022
32,1064
33,5565
34,5235
35,4130
36,4045
37,5384
0,30148
1,7071
2,2364
3,9459
0,3668
1,206
2,238
3,155
4,397
5,372
6,131
7,82
8,53
9,45
10,46
11,62
12,52
13,50
14,56
15,69
16,2038
17,524
18,49
19,52
20,54
21,56
22,66
23,51
24,54
25,54
26,45
27,1941
28,50
29,57
30,55
31,54
32,53
33,38
34,69
35,52
36,1850
37,8217
38,48
39,49
40,48
41,56
42,57
43,49
44,54
45,50
46,55
47,2691
48,52
49,55
50,44
51,55
52,59
53,58
54,54
55,57
56,47
57,120
58,1951
59,68
60,53
61,55
62,47
63,48
64,52
65,51
66,58
67,2093
68,856
69,50
70,49
71,56
72,50
73,59
74,51
75,44
76,48
77,50
78,53
79,2643
80,48
81,55
82,47
83,41
84,56
85,48
86,54
87,44
88,58
89,44
90,55
91,2588
92,57
93,39
94,50
95,54
96,57
97,57
98,43
99,47
100,55
101,2123
102,45
103,57
104,53
105,51
106,42
107,63
108,42
109,65
110,46
111,2495
112,50
113,46
114,55
115,57
116,43
117,51
118,49
119,48
120,50
121,2088
122,1474
123,47
124,53
125,44
126,51
127,62
128,43
129,56
130,52
131,53
132,2517
133,53
134,49
135,43
136,52
137,50
138,45
139,53
140,36
141,57
142,1923
143,47
144,47
145,50
146,53
147,36
148,53
149,51
150,48
151,57
152,47
153,2197
154,40
155,55
156,53
157,61
158,37
159,58
160,51
161,52
162,46
163,1925
164,375
165,51
166,68
167,107
168,52
169,58
170,47
171,38
172,55
173,2355
174,56
175,48
176,51
177,43
178,45
179,51
180,54
181,49
182,57
183,221
184,3503
185,46
186,45
187,57
188,50
189,47
190,47
191,44
192,50
193,43
194,53
195,2729
196,52
197,49
198,53
199,59
200,44
201,37
202,46
203,51
204,44
205,52
206,51
207,44
208,54
209,43
210,57
211,53
212,47
213,3766
214,54
215,76
216,59
217,56
218,60
219,1376
220,56
221,42
222,51
223,50
224,43
225,39
226,50
227,45
228,48
229,55
230,43
231,2290
232,43
233,58
234,53
235,54
236,43
237,47
238,43
239,39
240,52
241,97
242,2301
243,37
244,54
245,47
246,50
247,53
248,45
249,46
250,41
251,53
252,45
253,2145
254,38
255,56
256,45
257,43
258,55
259,57
260,41
261,47
262,47
263,59
264,2288
265,56
266,38
267,48
268,45
269,47
270,54
271,56
272,42
273,50
274,40
275,45
276,107
277,130
278,2954
279,43
280,46
281,39
282,51
283,49
284,47
285,45
286,57
287,45
288,44
289,2086
290,57
291,61
292,41
293,48
294,51
295,50
296,44
297,56
298,44
299,2180
300,51
301,48
302,53
303,42
304,44
305,51
306,43
307,46
308,52
309,41
310,2513
311,52
312,50
313,44
314,49
315,49
316,35
317,56
318,47
319,68
320,42
321,2484
322,38
323,58
324,49
325,51
326,42
327,51
328,48
329,43
330,45
331,55
332,103
333,61
334,2369
335,71
336,188
337,1063
338,41
339,47
340,45
341,55
342,47
343,51
344,46
345,41
346,48
347,46
348,49
349,60
350,39
351,7710
352,54
353,47
354,50
355,51
356,40
357,54
358,49
359,55
360,46
361,55
362,2946
363,39
364,43
365,52
366,51
367,42
368,51
369,50
370,54
371,45
372,99
373,3197
374,41
375,53
376,45
377,49
378,48
379,58
380,32
381,45
382,53
383,42
384,2947
385,48
386,47
387,50
388,49
389,49
390,49
391,53
392,44
393,52
394,2300
395,49
396,50
397,85
398,371
399,46
400,40
401,54
402,1632
403,50
404,40
405,54
406,45
407,46
408,51
409,52
410,41
411,50
412,54
413,2293
414,54
415,57
416,33
417,55
418,46
419,49
420,42
421,56
422,35
423,50
424,2693
425,48
426,44
427,58
428,40
429,44
430,53
431,49
432,39
433,46
434,52
435,2681
436,60
437,42
438,49
439,45
440,55
441,47
442,46
443,40
444,59
445,131
446,3436
447,49
448,47
449,42
450,46
451,47
452,52
453,48
454,46
455,59
456,44
457,2352
458,50
459,50
460,46
461,46
462,50
463,51
464,44
465,42
466,50
467,46
468,42
469,47
470,87
471,48
472,68
473,3001
474,333
475,71
476,48
477,50
478,47
479,43
480,52
481,52
482,43
483,36
484,59
485,46
486,53
487,2649
488,471
489,35
490,52
491,52
492,45
493,61
494,29
495,61
496,50
497,50
498,48
499,4019
500,38
501,48
502,52
503,49
504,46
505,50
506,45
507,44
508,49
509,40
510,186
511,2807
512,51
513,42
514,50
515,49
516,44
517,53
518,43
519,49
520,42
521,47
522,2939
523,48
524,48
525,59
526,39
527,56
528,38
529,48
530,47
531,47
532,45
533,193
534,2151
535,46
536,48
537,41
538,49
539,47
540,48
541,44
542,47
543,52
544,44
545,52
546,2762
547,523
548,51
549,49
550,45
551,51
552,46
553,54
554,44
555,56
556,33
557,60
558,2670
559,52
560,44
561,48
562,42
563,55
564,53
565,55
566,38
567,49
568,50
569,2754
570,47
571,64
572,40
573,48
574,45
575,46
576,50
577,52
578,39
579,52
580,50
581,45
582,357
583,2714
584,438
585,47
586,40
587,56
588,48
589,49
590,49
591,49
592,48
593,54
594,41
595,52
596,4848
597,35
598,53
599,49
600,40
601,44
602,52
603,40
604,45
605,51
606,51
607,58
608,38
609,47
610,3284
611,47
612,52
613,47
614,47
615,36
616,48
617,56
618,44
619,47
620,47
621,47
622,43
623,51
624,52
625,3437
626,40
627,44
628,70
629,50
630,42
631,53
632,35
633,48
634,42
635,54
636,50
637,52
638,39
639,47
640,50
641,50
642,47
643,58
644,38
645,38
646,51
647,43
648,53
649,56
650,41
651,42
652,49
653,49
654,47
655,41
656,51
657,383
658,56
659,79
660,696
661,51
662,41
663,48
664,42
665,50
666,58
667,52
668,39
669,45
670,43
671,47
672,53
673,49
674,46
675,46
676,38
677,39
678,61
679,48
680,48
681,47
682,42
683,58
684,50
685,44
686,48
687,44
688,46
689,48
690,48
691,51
692,48
693,46
694,51
695,49
696,42
697,46
698,44
699,53
700,50
701,40
702,50
703,80
704,32
705,38
706,43
707,48
708,47
709,46
710,51
711,47
712,51
713,45
714,45
715,45
716,50
717,49
718,55
719,36
720,59
721,54
722,42
723,53
724,43
725,43
726,49
727,54
728,38
729,64
730,49
731,51
732,49
733,52
734,649
735,2229
736,54
737,56
738,1457
739,89
740,50
741,56
742,53
743,47
744,42
745,65
746,44
747,47
748,46
749,55
750,47
751,59
752,42
753,51
754,40
755,54
756,50
757,61
758,59
759,37
760,40
761,69
762,371
763,50
764,72
765,49
766,45
767,53
768,38
769,54
770,430
771,51
772,35
773,55
774,56
775,64
776,46
777,40
778,45
779,39
780,50
781,66
782,37
783,50
784,41
785,61
786,57
787,49
788,54
789,47
790,38
791,48
792,53
793,51
794,41
795,47
796,53
797,55
798,43
799,48
800,50
801,51
802,51
803,47
804,52
805,49
806,47
807,70
808,50
809,49
810,40
811,75
812,37
813,63
814,56
815,47
816,47
817,124
818,36
819,52
820,74
821,48
822,49
823,49
824,47
825,38
826,52
827,51
828,45
829,60
830,39
831,1141
832,30
833,29587
834,45
835,49
836,366
837,894
838,54
839,52
840,50
841,65
842,36
843,48
844,55
845,49
846,48
847,56
848,38
849,60
850,47
851,58
852,60
853,55
854,52
855,3777
856,47
857,52
858,56
859,54
860,41
861,43
862,46
863,46
864,49
865,41
866,50
867,247
868,2383
869,49
870,51
871,55
872,50
873,46
874,48
875,57
876,56
877,53
878,47
879,44
880,59
881,1626
882,40
883,50
884,40
885,45
886,49
887,52
888,48
889,50
890,46
891,43
892,46
893,49
894,42
895,57
896,59
897,46
898,55
899,52
900,47
901,58
902,61
903,79
904,57
905,60
906,53
907,132
908,214
909,102
910,60
911,60
912,52
913,56
914,52
915,45
916,53
917,45
918,55
919,60
920,45
921,50
922,58
923,56
924,57
925,55
926,49
927,47
928,52
929,39
930,51
931,52
932,45
933,66
934,42
935,52
936,48
937,57
938,46
939,57
940,46
941,48
942,76
943,62
944,48
945,52
946,53
947,556
948,19
949,334
950,51
951,49
952,50
953,49
954,50
955,54
956,46
957,60
958,52
959,53
960,71
961,428
962,1319
963,81
964,106
965,528
966,153
967,59
968,79
969,99
970,52
971,59
972,71
973,56
974,454
975,44
976,50
977,50
978,61
979,51
980,71
981,45
982,102
983,55
984,84
985,104
986,103
987,16041
988,1266
989,50
990,38
991,44
992,49
993,47
994,47
995,52
996,42
997,57
998,48
999,42
1000,3292
1001,45
1002,53
1003,49
1004,38
1005,48
1006,58
1007,50
1008,52
1009,51
1010,2173
1011,47
1012,47
1013,47
1014,51
1015,56
1016,35
1017,48
1018,51
1019,53
1020,46
1021,2850
1022,47
1023,44
1024,49
1025,49
1026,42
1027,55
1028,42
1029,48
1030,42
1031,44
1032,43
1033,2907
1034,176
1035,51
1036,49
1037,1400
1038,43
1039,52
1040,42
1041,45
1042,46
1043,41
1044,46
1045,47
1046,40
1047,52
1048,218
1049,2595
1050,55
1051,50
1052,38
1053,47
1054,51
1055,38
1056,50
1057,51
1058,47
1059,38
1060,124
1061,2921
1062,49
1063,44
1064,42
1065,48
1066,47
1067,38
1068,55
1069,68
1070,40
1071,42
1072,2723
1073,46
1074,51
1075,47
1076,43
1077,45
1078,49
1079,44
1080,56
1081,55
1082,37
1083,121
1084,2145
1085,72
1086,374
1087,55
1088,46
1089,50
1090,102
1091,595
1092,38
1093,52
1094,44
1095,46
1096,1085
1097,1173
1098,49
1099,53
1100,40
1101,49
1102,42
1103,45
1104,66
1105,61
1106,36
1107,52
1108,53
1109,51
1110,75
1111,44
1112,61
1113,255
1114,5697
1115,57
1116,54
1117,51
1118,43
1119,47
1120,45
1121,41
1122,55
1123,54
1124,2004
1125,41
1126,48
1127,47
1128,41
1129,53
1130,36
1131,50
1132,46
1133,48
1134,41
1135,49
1136,35
1137,3083
1138,48
1139,43
1140,45
1141,47
1142,47
1143,49
1144,44
1145,53
1146,56
1147,54
1148,2242
1149,54
1150,50
1151,54
1152,55
1153,59
1154,50
1155,53
1156,65
1157,2113
1158,57
1159,57
1160,39
1161,43
1162,46
1163,45
1164,42
1165,62
1166,31
1167,53
1168,46
1169,50
1170,3945
1171,44
1172,44
1173,48
1174,41
1175,43
1176,51
1177,50
1178,44
1179,42
1180,55
1181,2665
1182,46
1183,46
1184,41
1185,54
1186,42
1187,49
1188,49
1189,51
1190,48
1191,44
1192,2498
1193,44
1194,48
1195,58
1196,36
1197,43
1198,47
1199,46
1200,43
1201,60
1202,41
1203,40
1204,43
1205,47
1206,46
1207,1568
1208,65
1209,37
1210,43
1211,57
1212,234
1213,50
1214,1466
1215,37
1216,51
1217,1483
1218,58
1219,49
1220,57
1221,364
1222,30
1223,46
1224,57
1225,50
1226,1873
1227,665
1228,48
1229,45
1230,44
1231,52
1232,33
1233,56
1234,45
1235,46
1236,48
1237,49
1238,44
1239,45
1240,44
1241,45
1242,46
1243,51
1244,41
1245,41
1246,53
1247,39
1248,55
1249,54
1250,45
1251,55
1252,39
1253,44
1254,60
1255,56
1256,47
1257,57
1258,43
1259,58
1260,52
1261,56
1262,41
1263,57
1264,49
1265,56
1266,58
1267,58
1268,44
1269,53
1270,49
1271,73
1272,49
1273,61
1274,50
1275,57
1276,53
1277,59
1278,52
1279,57
1280,52
1281,45
1282,58
1283,57
1284,50
1285,71
1286,45
1287,48
1288,61
1289,52
1290,54
1291,54
1292,54
1293,55
1294,56
1295,47
1296,63
1297,59
1298,48
1299,62
1300,50
1301,52
1302,59
1303,63
1304,50
1305,44
1306,55
1307,66
1308,61
1309,64
1310,50
1311,52
1312,63
1313,72
1314,57
1315,59
1316,42
1317,60
1318,59
1319,54
1320,49
1321,70
1322,43
1323,58
1324,43
1325,59
1326,55
1327,74
1328,44
1329,53
1330,77
1331,102
1332,43
1333,64
1334,57
1335,51
1336,45
1337,58
1338,63
1339,61
1340,52
1341,56
1342,72
1343,82
1344,76
1345,74
1346,44
1347,58
1348,57
1349,57
1350,50
1351,58
1352,55
1353,57
1354,54
1355,48
1356,62
1357,68
1358,43
1359,55
1360,47
1361,50
1362,67
1363,54
1364,57
1365,60
1366,56
1367,59
1368,47
1369,64
1370,53
1371,62
1372,44
1373,60
1374,61
1375,54
1376,52
1377,57
1378,38
1379,62
1380,59
1381,60
1382,61
1383,50
1384,66
1385,55
1386,60
1387,58
1388,57
1389,51
1390,62
1391,58
1392,49
1393,63
1394,48
1395,56
1396,65
1397,47
1398,48
1399,67
1400,43
1401,59
1402,52
1403,59
1404,83
1405,57
1406,44
1407,59
1408,74
1409,57
1410,58
1411,59
1412,50
1413,54
1414,45
1415,58
1416,54
1417,81
1418,48
1419,39
1420,60
1421,56
1422,60
1423,62
1424,51
1425,51
1426,43
1427,80
1428,56
1429,67
1430,51
1431,54
1432,58
1433,47
1434,58
1435,63
1436,57
1437,318
1438,625
1439,835
1440,46
1441,107
1441,56
1442,210
1443,1432
1444,63
1445,475
1446,2460
1447,349
1448,45
1449,52
1450,62
1451,282
0,23543
1,166
2,158
3,126
4,166
5,74
6,207
7,203
8,71
9,56
10,67
11,57
12,54
13,74
14,52
15,73
16,57
17,56
18,63
19,63
20,50
21,69
22,61
23,58
24,64
25,65
26,50
27,72
28,60
29,54
30,59
31,62
32,60
33,60
34,69
35,70
36,50
37,66
38,57
39,58
40,59
41,48
42,69
43,64
44,58
45,63
46,45
47,69
48,72
49,53
50,66
51,58
52,69
53,49
54,67
55,67
56,45
57,63
58,55
59,62
60,56
61,61
62,56
63,64
64,60
65,66
66,68
67,60
68,58
69,59
70,55
71,55
72,70
73,62
74,58
75,53
76,63
77,57
78,46
79,73
80,45
81,74
82,60
83,55
84,57
85,65
86,60
87,52
88,397
89,52
0,13293
1,197
2,141
3,46
4,172
4,14
5,130
6,56
7,98
8,86
9,645
10,58
11,58
12,61
13,63
14,50
15,58
16,59
17,53
18,49
19,56
20,47
21,54
22,42
23,50
24,43
25,59
26,41
27,42
28,50
29,40
30,49
31,53
32,36
33,57
34,49
35,49
36,46
37,48
38,44
39,55
40,46
41,55
42,42
43,54
44,47
45,54
46,38
47,48
48,51
49,62
50,42
51,42
52,33
53,48
54,58
55,51
56,38
57,42
58,55
59,48
60,50
61,54
62,43
63,52
64,52
65,51
66,48
67,60
68,33
69,43
70,52
71,54
72,50
73,49
74,45
75,52
76,43
77,49
78,49
79,52
80,33
81,49
82,49
83,51
84,49
85,56
86,47
87,46
88,53
89,48
90,49
91,50
92,37
93,55
94,59
95,40
96,58
97,49
98,42
99,44
100,47
101,51
102,55
103,68
104,42
105,37
106,50
107,52
108,43
109,46
110,54
111,46
112,54
113,54
114,47
115,53
116,46
117,41
118,48
119,50
120,50
121,53
122,39
123,39
124,53
125,45
126,53
127,55
128,47
129,45
130,52
131,48
132,42
133,52
134,37
135,44
136,46
137,49
138,43
139,59
140,41
141,43
142,46
143,41
144,52
145,50
146,41
147,60
148,57
149,42
150,52
151,49
152,46
153,43
154,48
155,41
156,56
157,49
158,51
159,47
160,38
161,52
162,48
163,46
164,54
165,43
166,58
167,47
168,55
169,58
170,34
171,52
172,42
173,50
174,45
175,50
176,45
177,45
178,55
179,50
180,44
181,59
182,35
183,49
184,46
185,47
186,53
187,42
188,58
189,43
190,53
191,38
192,54
193,49
194,45
195,56
196,43
197,48
198,49
199,57
200,37
201,54
202,45
203,48
204,48
205,50
206,37
207,46
208,57
209,45
210,53
211,54
212,45
213,39
214,65
215,50
216,47
217,52
218,42
219,42
220,45
221,42
222,48
223,48
224,37
225,49
226,43
227,68
228,44
229,45
230,48
231,46
232,44
233,49
234,46
235,66
236,35
237,45
238,42
239,39
240,47
241,57
242,45
243,39
244,46
245,41
246,55
247,50
248,43
249,52
250,52
251,45
252,50
253,60
254,37
255,43
256,46
257,45
258,45
259,44
260,50
261,41
262,48
263,41
264,53
265,46
266,48
267,36
268,38
269,43
270,54
271,50
272,37
273,42
274,43
275,53
276,46
277,50
278,39
279,45
280,41
281,51
282,49
283,48
284,47
285,41
286,37
287,44
288,50
289,41
290,58
291,33
292,41
293,52
294,42
295,47
296,42
297,44
298,39
299,50
300,46
301,45
302,44
303,53
304,48
305,37
306,54
307,49
308,40
309,54
310,45
311,48
312,39
313,57
314,44
315,34
316,45
317,54
318,51
319,51
320,42
321,42
322,51
323,43
324,48
325,47
326,41
327,41
328,46
329,45
330,43
331,48
332,45
333,40
334,46
335,45
336,52
337,59
338,30
339,49
340,44
341,34
342,51
343,49
344,41
345,50
346,48
347,43
348,59
349,46
350,44
351,49
352,46
353,43
354,46
355,52
356,34
357,48
358,43
359,53
360,43
361,52
362,39
363,50
364,45
365,47
366,42
367,48
368,41
369,40
370,50
371,41
372,49
373,41
374,42
375,45
376,36
377,53
378,50
379,52
380,44
381,36
382,47
383,50
384,46
385,51
386,41
387,42
388,47
389,47
390,50
391,42
392,47
393,42
394,35
395,52
396,41
397,50
398,42
399,52
400,42
401,47
402,49
403,52
404,38
405,48
406,43
407,44
408,51
409,49
410,42
411,46
412,47
413,47
414,41
415,44
416,47
417,46
418,35
419,53
420,39
421,49
422,48
423,44
424,47
425,45
426,44
427,47
428,46
429,47
430,46
431,38
432,45
433,48
434,43
435,44
436,43
437,42
438,51
439,48
440,36
441,37
442,53
443,40
444,49
445,46
446,51
447,43
448,38
449,44
450,51
451,45
452,41
453,43
454,45
455,58
456,37
457,46
458,41
459,46
460,48
461,46
462,44
463,47
464,47
465,47
466,54
467,46
468,48
469,53
470,35
471,41
472,45
473,43
474,48
475,52
476,33
477,50
478,41
479,47
480,52
481,54
482,27
483,41
484,47
485,45
486,37
487,41
488,43
489,43
490,56
491,38
492,52
493,47
494,37
495,43
496,39
497,40
498,50
499,54
500,34
501,49
502,51
503,37
504,51
505,47
506,43
507,40
508,47
509,49
510,42
511,51
512,36
513,47
514,47
515,44
516,44
517,49
518,42
519,42
520,42
521,46
522,50
523,45
524,48
525,53
526,40
527,43
528,50
529,49
530,42
531,46
532,37
533,32
534,50
535,46
536,45
537,43
538,40
539,48
540,48
541,41
542,44
543,44
544,42
545,50
546,45
547,59
548,35
549,39
550,35
551,53
552,46
553,41
554,48
555,38
556,47
557,44
558,37
559,54
560,40
561,41
562,44
563,47
564,48
565,41
566,51
567,48
568,38
569,49
570,45
571,46
572,44
573,46
574,41
575,48
576,51
577,49
578,44
579,44
580,41
581,44
582,42
583,51
584,44
585,44
586,43
587,48
588,44
589,50
590,45
591,44
592,42
593,53
594,53
595,67
596,44
597,49
598,52
599,40
600,47
601,44
602,45
603,47
604,45
605,48
606,38
607,49
608,41
609,38
610,47
611,43
612,51
613,45
614,38
615,55
616,44
617,49
618,49
619,48
620,50
621,44
622,45
623,42
624,47
625,40
626,49
627,44
628,47
629,48
630,38
631,47
632,38
633,47
634,41
635,41
636,47
637,46
638,40
639,50
640,51
641,49
642,40
643,52
644,37
645,46
646,40
647,51
648,46
649,51
650,39
651,46
652,45
653,43
654,49
655,45
656,45
657,42
658,40
659,47
660,49
661,52
662,39
663,35
664,47
665,48
666,46
667,51
668,41
669,35
670,46
671,44
672,50
673,39
674,50
675,43
676,33
677,50
678,49
679,46
680,39
681,50
682,38
683,48
684,49
685,40
686,52
687,43
688,40
689,46
690,46
691,55
692,39
693,48
694,48
695,47
696,35
697,45
698,35
699,44
700,48
701,47
702,47
703,44
704,38
705,45
706,47
707,48
708,46
709,45
710,44
711,40
712,42
713,49
714,42
715,43
716,48
717,48
718,42
719,43
720,52
721,47
722,41
723,48
724,47
725,45
726,50
727,47
728,41
729,39
730,43
731,46
732,36
733,52
734,40
735,43
736,42
737,49
738,43
739,54
740,40
741,48
742,42
743,43
744,52
745,42
746,49
747,35
748,47
749,37
750,42
751,44
752,379
753,33
754,46
0,4518
1,182
2,171
3,176
4,91
5,30
6,867
7,63
8,49
9,42
10,53
11,41
12,61
13,55
14,49
15,53
16,53
17,55
18,57
19,56
20,46
21,47
22,56
23,54
24,51
25,50
26,51
27,53
28,52
29,51
30,49
31,59
32,40
33,43
34,49
35,47
36,46
37,60
38,51
39,38
40,55
41,51
42,47
43,45
44,50
45,51
46,50
47,53
48,44
49,53
50,48
51,50
52,55
53,48
54,45
55,54
56,47
57,51
58,48
59,48
60,54
61,55
62,45
63,58
64,50
65,49
66,53
67,55
68,43
69,47
70,49
71,50
72,54
73,59
74,36
75,50
76,46
77,48
78,48
79,51
80,50
81,45
82,51
83,40
84,52
85,54
86,41
87,46
88,46
89,49
90,51
91,54
92,45
93,38
94,56
95,54
96,52
97,52
98,54
99,41
100,56
101,47
102,50
103,56
104,44
105,48
106,49
107,48
108,47
109,57
110,42
111,45
112,61
113,49
114,49
115,50
116,37
117,42
118,52
119,41
120,52
121,47
122,49
123,42
124,54
125,44
126,50
127,51
128,45
129,44
130,42
131,51
132,51
133,49
134,33
135,62
136,57
137,40
138,43
139,56
140,45
141,44
142,48
143,45
144,54
145,50
146,45
147,46
148,39
149,45
150,47
151,87
152,31
153,42
154,36
155,47
156,45
157,42
158,54
159,47
160,57
161,46
162,43
163,55
164,35
165,41
166,54
167,42
168,52
169,53
170,43
171,51
172,49
173,47
174,49
175,61
176,40
177,49
178,49
179,46
180,49
181,49
182,56
183,42
184,45
185,33
186,50
187,52
188,45
189,57
190,44
191,48
192,49
193,46
194,43
195,43
196,35
197,56
198,52
199,57
200,47
201,45
202,51
203,41
204,52
205,57
206,39
207,55
208,47
209,43
210,47
211,60
212,37
213,46
214,47
215,48
216,40
217,50
218,51
219,63
220,52
221,49
222,52
223,50
224,38
225,44
226,51
227,47
228,49
229,55
230,48
231,44
232,43
233,46
234,46
235,48
236,46
237,45
238,34
239,52
240,48
241,51
242,42
243,46
244,48
245,50
246,45
247,48
248,52
249,46
250,47
251,66
252,49
253,65
254,35
255,47
256,48
257,49
258,40
259,44
260,50
261,48
262,43
263,43
264,49
265,54
266,43
267,46
268,44
269,43
270,50
271,46
272,49
273,50
274,39
275,48
276,48
277,53
278,39
279,42
280,46
281,45
282,50
283,54
284,40
285,47
286,51
287,38
288,49
289,54
290,39
291,52
292,47
293,47
294,48
295,49
296,46
297,48
298,46
299,46
300,54
301,54
302,40
303,45
304,47
305,47
306,51
307,54
308,43
309,43
310,44
311,58
312,53
313,47
314,41
315,43
316,53
317,58
318,46
319,50
320,42
321,43
322,51
323,45
324,44
325,49
326,40
327,42
328,47
329,47
330,54
331,47
332,50
333,44
334,39
335,50
336,40
337,56
338,38
339,45
340,43
341,53
342,44
343,41
344,47
345,46
346,45
347,52
348,40
349,56
350,47
351,44
352,46
353,53
354,40
355,60
356,38
357,49
358,46
359,41
360,46
361,47
362,45
363,32
364,50
365,42
366,48
367,52
368,37
369,53
370,44
371,50
372,43
373,50
374,45
375,40
376,47
377,47
378,50
379,51
380,42
381,42
382,45
383,51
384,58
385,49
386,39
387,46
388,44
389,38
390,44
391,57
392,39
393,45
394,43
395,53
396,46
397,54
398,37
399,45
400,45
401,42
402,40
403,46
404,42
405,45
406,43
407,52
408,44
409,48
410,41
411,47
412,47
413,47
414,45
415,49
416,42
417,48
418,48
419,45
420,47
421,45
422,50
423,44
424,47
425,49
426,47
427,50
428,38
429,48
430,44
431,43
432,40
433,50
434,38
435,43
436,48
437,50
438,48
439,55
440,40
441,46
442,49
443,45
444,62
445,53
446,44
447,40
448,53
449,51
450,48
451,53
452,35
453,44
454,48
455,45
456,44
457,48
458,44
459,51
460,40
461,49
462,48
463,48
464,40
465,48
466,50
467,50
468,49
469,52
470,41
471,43
472,44
473,45
474,49
475,48
476,31
477,45
478,47
479,48
480,50
481,49
482,43
483,44
484,46
485,43
486,49
487,50
488,37
489,49
490,44
491,43
492,43
493,48
494,37
495,53
496,43
497,50
498,54
499,45
500,44
501,42
502,46
503,41
504,48
505,53
506,45
507,51
508,52
509,52
510,55
511,59
512,44
513,76
514,55
515,53
516,54
517,60
518,50
519,45
520,47
521,53
522,46
523,47
524,46
525,40
526,53
527,48
528,58
529,49
530,38
531,44
532,49
533,45
534,48
535,48
536,29
537,50
538,49
539,49
540,47
541,44
542,50
543,44
544,42
545,48
546,52
547,57
548,41
549,51
550,41
551,51
552,50
553,58
554,47
555,48
556,56
557,60
558,49
559,56
560,42
561,53
562,53
563,39
564,54
565,48
566,45
567,42
568,47
569,43
570,51
571,55
572,38
573,44
574,39
575,56
576,51
577,52
578,35
579,51
580,41
581,46
582,46
583,46
584,43
585,43
586,54
587,44
588,56
589,45
590,49
591,45
592,38
593,39
594,42
595,57
596,29
597,51
598,41
599,42
600,51
601,46
602,40
603,46
604,43
605,49
606,47
607,53
608,43
609,46
610,57
611,47
612,35
613,48
614,42
615,45
616,43
617,58
618,64
619,53
620,40
621,43
622,36
623,50
624,44
625,46
626,42
627,44
628,51
629,41
630,44
631,46
632,54
633,45
634,53
635,41
636,46
637,53
638,39
639,41
640,50
641,58
642,46
643,59
644,35
645,39
646,36
647,46
648,43
649,47
650,44
651,43
652,40
653,41
654,41
655,42
656,51
657,45
658,48
659,44
660,51
661,68
662,50
663,37
664,43
665,38
666,50
667,48
668,41
669,62
670,46
671,50
672,45
673,49
674,42
675,39
676,43
677,47
678,46
679,49
680,39
681,44
682,55
683,48
684,51
685,45
686,49
687,33
688,59
689,49
690,50
691,49
692,42
693,52
694,45
695,41
696,43
697,42
698,47
699,42
700,43
701,48
702,43
703,46
704,40
705,40
706,49
707,51
708,48
709,52
710,34
711,41
712,45
713,50
714,46
715,44
716,46
717,39
718,57
719,37
720,38
721,47
722,37
723,44
724,43
725,45
726,39
727,48
728,43
729,39
730,42
731,47
732,45
733,47
734,48
735,41
736,51
737,44
738,55
739,46
740,41
741,38
742,49
743,47
744,54
745,48
746,42
747,47
748,46
749,44
750,48
751,52
752,42
753,50
754,43
755,43
756,360
757,43
758,37
0,4204
1,238
2,144
3,23
4,776
5,48
6,54
7,55
8,41
9,58
10,50
11,55
12,54
13,65
14,47
15,46
16,51
17,44
18,49
19,62
20,42
21,68
22,33
23,64
24,51
25,57
26,35
27,57
28,55
29,49
30,47
31,55
32,48
33,45
34,45
35,55
36,41
37,42
38,55
39,55
40,51
41,43
42,57
43,69
44,34
45,49
46,41
47,53
48,43
49,53
50,43
51,49
52,53
53,50
54,49
55,44
56,54
57,48
58,51
59,42
60,53
61,51
62,46
63,51
64,51
65,49
66,52
67,55
68,38
69,57
70,51
71,45
72,55
73,57
74,44
75,48
76,49
77,44
78,49
79,60
80,49
81,49
82,45
83,41
84,51
85,54
86,43
87,42
88,53
89,46
90,45
91,49
92,48
93,42
94,44
95,56
96,49
97,50
98,50
99,43
100,55
101,54
102,48
103,52
104,43
105,56
106,54
107,48
108,53
109,52
110,45
111,47
112,56
113,56
114,46
115,54
116,50
117,47
118,45
119,49
120,52
121,53
122,47
123,51
124,48
125,47
126,54
127,56
128,45
129,53
130,49
131,52
132,49
133,58
134,39
135,52
136,46
137,52
138,60
139,53
140,44
141,52
142,49
143,48
144,47
145,47
146,44
147,52
148,44
149,38
150,62
151,54
152,39
153,48
154,46
155,54
156,45
157,52
158,39
159,52
160,58
161,49
162,47
163,50
164,46
165,39
166,54
167,48
168,53
169,54
170,40
171,49
172,50
173,52
174,56
175,51
176,42
177,56
178,48
179,46
180,43
181,56
182,42
183,46
184,49
185,42
186,55
187,59
188,43
189,50
190,45
191,50
192,48
193,41
194,46
195,44
196,41
197,46
198,55
199,60
200,39
201,46
202,46
203,39
204,42
205,59
206,43
207,45
208,50
209,48
210,50
211,47
212,68
213,38
214,52
215,55
216,41
217,57
218,43
219,45
220,54
221,54
222,48
223,44
224,49
225,43
226,48
227,50
228,50
229,59
230,38
231,48
232,47
233,48
234,50
235,51
236,50
237,41
238,44
239,47
240,40
241,50
242,50
243,49
244,50
245,54
246,47
247,48
248,38
249,45
250,50
251,50
252,51
253,63
254,45
255,46
256,53
257,48
258,41
259,53
260,45
261,50
262,47
263,41
264,39
265,54
266,41
267,42
268,47
269,45
270,53
271,44
272,47
273,37
274,55
275,46
276,49
277,49
278,50
279,36
280,55
281,39
282,47
283,52
284,34
285,49
286,47
287,48
288,43
289,44
290,49
291,45
292,51
293,47
294,39
295,48
296,38
297,52
298,49
299,44
300,50
301,45
302,49
303,47
304,46
305,46
306,46
307,65
308,42
309,43
310,56
311,56
312,49
313,48
314,44
315,54
316,37
317,67
318,2070
319,61
320,37
321,47
322,54
323,41
324,55
325,49
326,41
327,46
328,55
329,48
330,37
331,49
332,43
333,59
334,140
335,184
336,153
337,52
338,39
339,49
340,52
341,46
342,52
343,54
344,33
345,55
346,80
347,66
348,971
349,52
350,99
351,392
352,51
353,43
354,48
355,55
356,37
357,50
358,40
359,51
360,44
361,56
362,38
363,39
364,53
365,45
366,45
367,56
368,42
369,47
370,46
371,45
372,51
373,51
374,37
375,40
376,47
377,45
378,41
379,50
380,41
381,49
382,43
383,44
384,45
385,42
386,41
387,47
388,42
389,50
390,49
391,50
392,43
393,42
394,38
395,53
396,41
397,44
398,42
399,44
400,44
401,54
402,45
403,51
404,37
405,50
406,45
407,41
408,48
409,49
410,39
411,50
412,46
413,47
414,46
415,45
416,41
417,60
418,52
419,48
420,40
421,53
422,31
423,49
424,43
425,48
426,40
427,45
428,45
429,43
430,49
431,48
432,46
433,48
434,44
435,46
436,52
437,48
438,53
439,57
440,40
441,49
442,46
443,46
444,39
445,44
446,47
447,40
448,52
449,45
450,49
451,52
452,44
453,38
454,45
455,50
456,47
457,48
458,46
459,46
460,50
461,50
462,44
463,62
464,40
465,49
466,51
467,52
468,51
469,62
470,38
471,46
472,54
473,46
474,43
475,57
476,42
477,45
478,53
479,46
480,52
481,47
482,46
483,44
484,47
485,47
486,42
487,40
488,51
489,39
490,47
491,56
492,53
493,62
494,42
495,44
496,56
497,49
498,58
499,48
500,43
501,40
502,44
503,43
504,48
505,51
506,42
507,46
508,46
509,44
510,49
511,50
512,34
513,49
514,49
515,42
516,44
517,57
518,46
519,46
520,41
521,52
522,43
523,48
524,40
525,38
526,48
527,38
528,45
529,48
530,43
531,44
532,48
533,44
534,51
535,49
536,43
537,37
538,52
539,39
540,57
541,46
542,44
543,47
544,37
545,51
546,49
547,57
548,39
549,39
550,41
551,45
552,48
553,51
554,41
555,47
556,54
557,42
558,53
559,49
560,44
561,37
562,59
563,57
564,47
565,60
566,39
567,48
568,45
569,47
570,50
571,53
572,52
573,35
574,47
575,40
576,55
577,53
578,40
579,49
580,44
581,49
582,57
583,57
584,45
585,45
586,52
587,49
588,56
589,52
590,39
591,54
592,44
593,43
594,44
595,49
596,44
597,40
598,45
599,40
600,38
601,51
602,40
603,43
604,49
605,52
606,52
607,45
608,46
609,44
610,44
611,56
612,51
613,45
614,46
615,43
616,56
617,41
618,49
619,50
620,42
621,41
622,44
623,50
624,47
625,45
626,41
627,55
628,45
629,41
630,42
631,50
632,48
633,47
634,50
635,50
636,48
637,51
638,38
639,47
640,49
641,43
642,48
643,56
644,37
645,42
646,54
647,51
648,38
649,58
650,31
651,47
652,47
653,43
654,50
655,65
656,42
657,42
658,55
659,46
660,47
661,49
662,41
663,44
664,46
665,44
666,39
667,57
668,45
669,39
670,52
671,45
672,49
673,48
674,38
675,45
676,50
677,48
678,58
679,59
680,48
681,51
682,49
683,41
684,46
0,4641
1,159
2,207
3,148
4,133
5,34
6,159
7,173
8,127
9,119
10,81
11,33
12,69
13,90
14,58
15,46
16,73
17,56
18,64
19,68
20,55
21,64
22,59
23,73
24,73
25,63
26,57
27,55
28,66
29,68
30,59
31,65
32,55
33,57
34,66
35,75
36,64
37,60
38,51
39,66
40,57
41,68
42,59
43,71
44,59
45,62
46,63
47,53
48,54
49,64
50,69
51,61
52,76
53,55
54,56
55,79
56,64
57,63
0,16608
1,149
2,195
3,162
4,67
5,58
6,183
7,291
8,110
9,94
10,49
11,17
12,74
13,61
14,58
15,38
16,63
17,48
18,21
19,73
20,45
21,51
22,50
23,48
24,58
25,53
26,49
27,48
28,45
29,37
30,53
31,47
32,47
33,47
34,51
35,50
36,47
37,47
38,45
39,44
40,50
41,43
42,69
43,50
44,48
45,47
46,54
47,49
48,42
49,50
50,47
51,40
52,49
53,38
54,51
55,52
56,43
57,52
58,49
59,40
60,41
61,49
62,49
63,52
64,49
65,53
66,54
67,53
68,45
69,44
70,48
71,39
72,58
73,53
74,41
75,45
76,40
77,52
78,47
79,43
80,39
81,62
82,49
83,48
84,45
85,53
86,35
87,59
88,53
89,42
90,51
91,50
92,55
93,46
94,47
95,50
96,58
97,58
98,41
99,44
100,39
101,64
102,47
103,65
104,34
105,52
106,47
107,50
108,46
109,54
110,38
111,50
112,55
113,45
114,53
115,57
116,37
117,42
118,46
119,57
120,46
121,50
122,40
123,49
124,49
125,54
126,50
127,53
128,44
129,47
130,42
131,58
132,51
133,61
134,35
135,44
136,49
137,50
138,54
139,56
140,44
141,44
142,48
143,46
144,49
145,53
146,40
147,47
148,44
149,50
150,45
151,47
152,46
153,44
154,43
155,48
156,49
157,50
158,35
159,46
160,44
161,46
162,50
163,58
164,48
165,36
166,50
167,46
168,50
169,56
170,44
171,38
172,52
173,51
174,52
175,65
176,41
177,63
178,57
179,47
180,55
181,50
182,38
183,49
184,49
185,48
186,41
187,51
188,47
189,52
190,42
191,54
192,44
193,52
194,38
195,45
196,42
197,58
198,47
199,51
200,41
201,51
202,43
203,32
204,57
205,64
206,44
207,42
208,54
209,53
210,59
211,63
212,30
213,51
214,44
215,49
216,54
217,49
218,47
219,43
220,44
221,41
222,47
223,50
224,46
225,51
226,50
227,40
228,52
229,42
230,51
231,39
232,45
233,49
234,38
235,50
236,35
237,49
238,48
239,51
240,40
241,60
242,34
243,44
244,44
245,49
246,51
247,53
248,45
249,45
250,51
251,55
252,57
253,61
254,44
255,46
256,39
257,48
258,41
259,59
260,40
261,40
262,32
263,50
264,45
265,46
266,44
267,39
268,47
269,41
270,53
271,44
272,48
273,48
274,39
275,56
276,51
277,50
278,46
279,45
280,44
281,47
282,42
283,48
284,42
285,38
286,44
287,50
288,48
289,49
290,43
291,48
292,38
293,47
294,50
295,48
296,45
297,47
298,43
299,42
300,50
301,40
302,56
303,40
304,45
305,49
306,65
307,45
308,43
309,40
310,52
311,40
312,50
313,47
314,35
315,54
316,47
317,50
318,36
319,50
320,41
321,41
322,48
323,43
324,45
325,42
326,54
327,45
328,43
329,45
330,51
331,47
332,36
333,48
334,45
335,47
336,48
337,53
338,40
339,46
340,45
341,41
342,46
343,53
344,41
345,50
346,47
347,45
348,45
349,59
350,29
351,52
352,48
353,52
354,45
355,51
356,44
357,45
358,48
359,45
360,45
361,50
362,38
363,43
364,47
365,42
366,50
367,45
368,42
369,42
370,42
371,55
372,44
373,57
374,30
375,46
376,38
377,53
378,50
379,46
380,39
381,39
382,49
383,45
384,45
385,40
386,49
387,43
388,46
389,47
390,43
391,43
392,40
393,44
394,50
395,51
396,43
397,47
398,38
399,45
400,47
401,48
402,44
403,46
404,47
405,47
406,46
407,41
408,45
409,45
410,40
411,52
412,48
413,46
414,43
415,45
416,49
417,41
418,50
419,43
420,43
421,48
422,40
423,52
424,47
425,50
426,39
427,45
428,48
429,43
430,41
431,48
432,46
433,53
434,38
435,40
436,45
437,45
438,50
439,48
440,40
441,45
442,53
443,38
444,46
445,49
446,41
447,60
448,43
449,48
450,49
451,55
452,40
453,40
454,49
455,41
456,53
457,55
458,39
459,35
460,47
461,44
462,53
463,48
464,43
465,44
466,40
467,50
468,53
469,48
470,37
471,57
472,41
473,46
474,43
475,42
476,44
477,38
478,49
479,47
480,45
481,48
482,41
483,44
484,58
485,59
486,48
487,62
488,44
489,32
490,46
491,51
492,44
493,46
494,39
495,53
496,47
497,42
498,47
499,44
500,46
501,38
502,44
503,40
504,50
505,54
506,42
507,37
508,45
509,60
510,40
511,50
512,41
513,45
514,44
515,47
516,40
517,41
518,50
519,43
520,44
521,42
522,50
523,43
524,47
525,40
526,43
527,45
528,40
529,58
530,34
531,49
532,42
533,49
534,39
535,47
536,39
537,48
538,38
539,49
540,46
541,48
542,40
543,44
544,49
545,45
546,50
547,49
548,39
549,45
550,52
551,41
552,49
553,50
554,40
555,41
556,39
557,49
558,42
559,47
560,44
561,41
562,45
563,45
564,48
565,40
566,37
567,54
568,40
569,47
570,47
571,44
572,49
573,33
574,54
575,46
576,50
577,50
578,41
579,44
580,43
581,46
582,56
583,47
584,47
585,46
586,47
587,50
588,39
589,51
590,38
591,49
592,46
593,48
594,45
595,50
596,31
597,48
598,48
599,45
600,44
601,46
602,42
603,45
604,41
605,47
606,45
607,61
608,35
609,41
610,48
611,52
612,42
613,48
614,43
615,45
616,57
617,50
618,55
619,66
620,42
621,44
622,45
623,52
624,44
625,43
626,48
627,51
628,41
629,43
630,38
631,49
632,44
633,40
634,47
635,45
636,50
637,37
638,52
639,43
640,40
641,45
642,45
643,51
644,37
645,42
646,48
647,48
648,43
649,62
650,28
651,45
652,31
653,53
654,51
655,43
656,46
657,41
658,43
659,49
660,48
661,42
662,46
663,51
664,42
665,43
666,44
667,47
668,38
669,40
670,48
671,58
672,42
673,56
674,36
675,47
676,46
677,49
678,43
679,35
680,44
681,38
682,50
683,43
684,46
685,48
686,42
687,41
688,54
689,42
690,49
691,53
692,31
693,44
694,47
695,46
696,45
697,40
698,48
699,44
700,43
701,44
702,48
703,44
704,45
705,33
706,42
707,43
708,51
709,43
710,42
711,39
712,49
713,47
714,40
715,47
716,46
717,45
718,47
719,44
720,48
721,43
722,41
723,46
724,41
725,40
726,50
727,51
728,38
729,45
730,42
731,48
732,37
733,48
734,30
735,43
736,55
737,44
738,40
739,54
740,39
741,37
742,45
743,59
744,44
745,51
746,47
747,43
748,49
749,45
750,47
751,41
752,54
753,35
754,44
755,51
756,45
757,48
758,31
759,57
760,32
761,44
762,46
763,46
764,39
765,40
766,52
767,43
768,48
769,46
770,39
771,42
772,46
773,47
774,45
775,47
776,43
777,42
778,48
779,43
780,45
781,48
782,37
783,37
784,39
785,50
786,40
787,49
788,35
789,40
790,49
791,50
792,45
793,40
794,44
795,37
796,47
797,49
798,47
799,43
800,40
801,37
802,49
803,38
804,50
805,44
806,46
807,43
808,42
809,43
810,42
811,53
812,38
813,42
814,48
815,45
816,46
817,45
818,42
819,42
820,38
821,38
822,52
823,45
824,41
825,39
826,37
827,53
828,43
829,51
830,31
831,56
832,55
833,55
834,55
835,43
836,42
837,36
838,54
839,48
840,47
841,50
842,43
843,46
844,38
845,50
846,41
847,40
848,40
849,51
850,49
851,49
852,39
853,47
854,35
855,47
856,48
857,40
858,51
859,47
860,38
861,44
862,52
863,43
864,41
865,58
866,49
867,59
868,43
869,48
870,38
871,46
872,39
873,47
874,49
875,48
876,41
877,56
878,36
879,41
880,42
881,35
882,38
883,46
884,54
885,39
886,51
887,51
888,52
889,49
890,41
891,36
892,44
893,44
894,48
895,49
896,39
897,40
898,41
899,48
900,50
901,54
902,40
903,46
904,42
905,46
906,52
907,46
0,4565
1,142
2,127
3,229
3,18
4,845
5,65
6,93
7,112
8,1124
9,63
10,63
11,73
12,51
13,76
14,67
15,55
16,72
17,58
18,2075
19,72
20,60
21,81
22,56
23,61
24,79
25,57
26,1534
27,65
28,50
29,71
30,58
31,67
32,59
33,67
34,1682
35,382
36,66
37,131
38,44
39,77
40,57
41,57
42,75
43,1773
44,55
45,62
46,67
47,68
48,44
49,84
50,55
51,102
52,4270
53,63
54,58
55,65
56,57
57,50
58,73
59,59
60,67
61,62
62,68
63,2087
64,71
65,64
66,69
67,69
68,66
69,72
70,58
71,72
72,3037
73,55
74,51
75,71
76,60
77,65
78,62
79,70
80,53
81,57
82,59
83,85
84,70
85,92
86,49
87,68
88,58
89,684
90,58
91,51
92,47
93,60
94,48
95,1348
96,56
97,104
98,116
99,52
100,68
101,650
102,69
103,62
104,48
105,56
106,44
107,376
108,66
109,48
110,58
111,53
112,52
113,413
114,57
115,59
116,52
117,49
118,58
119,427
120,50
121,58
122,53
123,59
124,45
125,405
126,61
127,51
128,51
129,48
130,51
131,406
132,44
133,59
134,53
135,67
136,55
137,1713
138,50
139,61
140,56
141,93
142,80
143,682
144,54
145,60
146,51
147,51
148,62
149,408
150,47
151,44
152,49
153,52
154,74
155,395
156,644
157,46
158,51
159,60
160,47
161,390
162,64
163,47
164,56
165,71
166,53
167,395
168,53
169,52
170,57
171,42
172,55
173,399
174,49
175,54
176,48
177,60
178,48
179,394
180,57
181,49
182,50
183,56
184,61
185,383
186,49
187,51
188,47
189,54
190,58
191,420
192,50
193,49
194,52
195,50
196,58
197,416
198,46
199,48
200,49
201,54
202,56
203,412
204,65
205,52
206,59
207,44
208,50
209,675
210,58
211,50
212,52
213,46
214,43
215,393
216,43
217,50
218,58
219,47
220,54
221,400
222,46
223,45
224,60
225,45
226,58
227,376
228,50
229,74
230,43
231,47
232,50
233,400
234,58
235,51
236,44
237,50
238,68
239,399
240,47
241,49
242,63
243,47
244,34
245,394
246,54
247,52
248,51
249,64
250,47
251,405
252,50
253,56
254,47
255,56
256,62
257,396
258,49
259,64
260,41
261,63
262,47
263,425
264,54
265,67
266,55
267,50
268,51
269,385
270,68
271,74
0,7623
1,155
2,140
3,190
4,53
5,540
6,671
7,71
8,58
9,66
10,79
11,69
12,66
13,74
14,59
15,1371
16,62
17,1162
18,49
19,75
20,54
21,60
22,49
0,4114
1,153
2,1039
3,428
4,67
5,1624
6,61
7,61
8,61
9,1432
10,54
11,54
12,56
13,58
14,53
15,1379
16,52
17,45
18,60
19,71
20,59
21,1386
22,57
23,66
24,45
25,58
26,41
27,4691
28,66
29,51
30,68
31,50
32,58
33,394
34,52
35,59
36,50
37,81
38,129
39,345
40,53
41,65
42,58
43,54
44,50
45,404
46,54
47,56
48,54
49,54
50,57
51,404
52,58
53,55
54,60
55,60
56,42
57,420
58,47
59,65
60,49
61,59
62,53
63,908
64,57
65,61
66,47
67,60
68,55
69,380
70,45
71,67
72,64
73,68
74,63
0,12756
1,197
2,180
3,152
0,12940
1,273
2,206
3,144
4,755
5,80
6,64
7,84
8,53
9,84
10,88
11,1454
12,61
13,62
14,51
15,72
16,64
17,1479
18,58
19,63
20,46
21,57
22,64
0,9359
1,337
2,101
3,507
4,575
5,140
6,100
7,691
8,114
9,111
10,84
11,90
12,123
13,112
14,77
15,116
16,152
17,144
0,3719
1,305
2,122
3,149
4,881
5,93
6,92
7,117
8,74
9,107
10,108
11,124
12,93
13,105
14,388
15,506
16,88
17,99
18,418
19,91
20,80
21,3048
22,130
23,75
24,86
25,111
26,94
27,1373
28,85
29,74
30,105
31,92
32,89
33,117
34,116
35,91
36,128
37,420
38,943
39,169
40,1170
41,452
42,82
43,101
44,118
0,10396
1,264
2,254
3,534
4,1377
5,644
6,813
7,846
8,81
9,104
10,98
11,337
12,1044
13,458
14,70
15,68
16,67
17,406
18,75
19,63
20,103
21,71
22,766
23,1571
24,268
25,67
26,76
27,62
28,72
29,429
30,90
31,117
32,62
33,81
34,80
35,2100
36,785
37,77
38,57
39,64
40,68
41,418
42,54
43,87
44,53
45,65
46,78
47,126
48,1007
49,488
50,57
51,74
52,55
53,403
54,71
55,68
56,68
57,65
58,55
59,409
60,64
61,67
62,68
63,70
64,60
65,418
66,82
67,77
68,63
69,67
70,69
71,405
72,60
73,73
74,57
75,67
76,61
77,409
78,65
79,72
80,57
81,65
82,86
83,383
84,67
85,85
86,55
87,120
88,50
89,390
90,59
91,71
92,63
93,73
94,60
95,673
96,65
97,69
98,68
99,62
100,59
101,415
102,59
103,68
104,61
105,59
106,81
107,449
108,63
109,68
110,64
111,56
112,66
113,412
114,53
115,82
116,57
117,81
118,52
119,419
120,55
121,67
122,57
123,71
124,68
125,1439
126,528
127,70
128,63
129,62
130,68
131,937
132,1805
133,1939
134,1490
135,742
136,1722
137,2086
138,1626
139,9114
140,1038
141,100
142,68
143,403
144,60
145,61
146,62
147,57
148,57
149,435
150,63
151,66
152,63
153,57
154,64
155,443
156,58
157,61
158,61
159,75
160,58
161,426
162,58
163,80
164,58
165,70
166,69
167,431
168,62
169,80
170,54
171,63
172,54
173,417
174,89
175,74
176,122
177,852
178,213
179,391
0,11775
1,241
2,151
3,571
4,109
5,116
6,93
7,119
8,78
9,97
10,99
11,88
12,110
13,105
14,82
15,92
16,117
17,70
18,97
19,112
20,74
21,99
22,79
23,101
24,104
25,98
26,95
27,76
28,94
29,108
30,85
31,107
32,125
33,768
34,79
35,102
36,207
37,538
38,906
39,1108
40,1741
41,77
0,11193
1,234
2,150
3,152
4,628
5,890
6,1187
7,595
8,184
9,159
10,184
11,181
12,166
13,168
14,172
15,165
16,163
17,187
18,166
19,182
20,158
21,163
22,173
23,168
24,445
25,160
26,159
27,167
28,177
29,167
30,153
31,168
32,171
33,150
34,164
35,158
36,162
37,176
38,112
39,289
40,192
41,161
42,183
43,171
44,166
45,176
46,172
47,175
48,162
49,176
50,176
51,177
52,186
53,148
54,165
55,177
56,159
57,184
58,189
59,175
60,168
61,190
62,166
63,167
64,182
65,119
66,760
67,1375
68,395
69,442
70,190
71,189
72,179
73,525
74,618
75,190
76,192
77,176
78,165
79,203
80,182
81,183
82,175
83,175
84,175
85,192
86,202
87,185
88,178
89,171
90,198
91,215
92,758
93,889
94,640
95,881
0,7264
1,613
2,270
3,85
4,92
5,88
6,89
7,77
8,87
9,86
10,76
11,83
12,87
13,102
14,88
15,66
16,84
17,99
18,102
19,66
20,79
21,105
22,90
23,77
24,86
25,99
26,69
27,61
28,81
29,84
30,53
31,107
32,106
33,89
34,80
35,66
36,102
37,60
38,73
39,91
40,71
41,83
42,85
43,80
44,78
45,78
46,79
47,84
48,74
49,94
50,73
51,71
52,54
53,83
54,69
55,66
56,110
57,76
58,90
59,57
60,67
61,91
62,59
63,76
64,74
65,114
66,90
67,64
68,112
69,65
70,54
71,97
72,77
73,86
74,65
75,74
76,80
77,74
78,74
79,79
80,48
81,102
82,89
83,68
84,88
85,85
86,87
87,70
88,83
89,97
90,55
91,87
92,78
93,59
0,18704
1,253
2,82
3,163
4,853
5,21496
6,736
7,140
8,113
9,128
10,135
11,109
12,527
13,182
14,161
15,159
16,122
17,121
18,502
19,121
20,162
21,167
22,131
23,147
24,509
25,162
26,155
27,456
28,123
29,122
30,509
31,115
32,122
33,122
0,17282
1,261
2,130
3,93
4,901
5,65
6,60
7,84
8,50
9,66
10,66
11,71
12,68
13,68
14,714
15,65
16,68
17,69
18,65
19,66
20,54
21,65
22,74
23,89
24,123
25,80
26,109
27,83
28,74
29,91
30,54
31,96
32,47
33,80
34,73
35,84
36,55
37,114
38,66
39,80
40,86
41,80
42,104
43,72
44,83
45,59
46,75
47,89
48,80
49,78
50,67
51,86
52,80
53,79
54,79
55,86
56,67
57,83
58,78
59,76
60,70
61,96
62,96
63,116
64,76
65,53
66,80
67,94
68,56
69,71
70,43
71,68
72,64
73,54
74,445
75,49
76,79
77,53
78,50
79,52
80,389
81,77
82,69
83,53
84,55
85,59
86,391
87,89
88,69
89,58
90,45
91,52
92,389
93,76
94,64
95,55
96,51
97,51
98,392
99,66
100,75
101,47
102,52
103,48
104,370
105,74
106,101
107,43
108,48
109,57
110,418
111,72
112,65
113,44
114,53
115,50
116,406
117,59
118,71
119,43
120,55
121,62
122,387
123,73
124,58
125,49
126,47
127,57
128,173
129,65
130,77
131,73
132,78
133,72
134,399
135,75
136,61
137,65
138,45
139,51
140,392
141,73
142,68
143,59
144,44
145,54
146,390
147,87
148,57
149,44
150,47
151,57
152,679
153,52
154,50
155,50
156,58
157,54
158,386
159,46
160,57
161,108
162,59
163,54
164,661
165,59
166,53
167,43
168,55
169,48
170,432
171,81
172,47
173,44
174,47
175,50
176,392
177,82
178,52
179,56
180,41
181,55
182,365
183,56
184,62
185,48
186,46
187,59
188,398
189,71
190,65
191,44
192,65
193,64
194,219
195,118
196,127
197,358
198,72
199,55
200,368
201,83
202,87
203,51
204,51
205,62
206,446
207,67
208,48
209,42
210,47
211,57
212,398
213,83
214,79
215,58
216,42
217,47
218,396
219,60
220,44
221,50
222,74
223,57
0,7629
1,153
2,112
3,175
4,188
5,99
6,402
7,70
8,61
9,100
10,104
11,102
12,391
13,114
14,548
15,57
16,62
17,74
18,74
19,101
20,91
21,109
22,72
23,95
24,114
25,90
26,96
27,69
28,77
29,67
30,125
31,73
32,77
33,90
34,87
35,99
36,74
37,91
38,70
39,59
40,63
41,64
42,682
43,54
44,61
45,58
46,63
47,76
48,395
49,78
50,72
51,50
52,45
53,54
54,404
55,106
56,45
57,52
58,65
59,68
60,655
61,57
62,62
63,55
64,68
65,60
66,393
67,49
68,78
69,53
70,57
71,49
72,373
73,91
74,77
75,53
76,45
77,47
78,399
79,122
80,57
81,58
82,59
83,72
84,512
85,60
86,72
87,52
88,70
89,65
90,401
91,68
92,48
93,53
94,54
95,57
96,374
97,72
98,77
99,45
100,62
101,61
102,409
103,67
104,61
105,49
106,51
107,64
108,367
109,129
110,51
111,56
112,54
113,60
114,393
115,86
116,61
117,45
118,40
119,54
120,391
121,91
122,70
123,42
124,54
125,50
126,379
127,81
128,90
129,54
130,50
131,51
132,454
133,75
134,55
135,50
136,51
137,54
138,380
139,87
140,59
141,43
142,52
143,67
144,531
145,55
146,56
147,50
148,66
149,56
150,377
151,85
152,73
153,56
154,55
155,53
156,659
157,57
158,55
159,58
160,73
161,59
162,1100
163,56
164,52
165,59
166,74
167,50
168,667
169,55
170,61
171,45
172,66
173,68
174,384
175,107
176,71
177,44
178,58
179,63
180,393
181,71
182,68
183,47
184,54
185,57
186,381
187,70
188,74
189,55
190,64
191,53
192,398
193,83
194,60
195,45
196,59
197,44
198,366
199,59
200,386
201,66
202,80
203,51
204,385
205,77
206,65
207,46
208,55
209,54
210,382
211,85
212,67
213,53
214,45
215,38
216,421
217,394
218,60
219,67
220,58
221,43
222,394
223,98
224,59
225,50
226,52
227,61
228,408
229,52
230,67
231,61
232,54
233,56
234,662
235,45
236,52
237,54
238,65
239,68
240,675
241,45
242,55
243,63
244,56
245,74
246,708
247,49
248,64
249,57
250,63
251,48
252,672
253,63
254,51
255,60
256,53
257,60
258,704
259,57
260,49
261,57
262,70
263,61
264,656
265,48
266,51
267,56
268,54
269,63
270,521
271,45
272,64
273,48
274,51
275,48
276,425
277,93
278,39
279,61
280,57
281,47
282,674
283,67
284,50
285,68
286,55
287,68
288,655
289,54
290,55
291,55
292,65
293,60
294,714
295,46
296,53
297,58
298,56
299,68
300,359
301,397
302,58
303,55
304,65
305,51
306,669
307,49
308,53
309,46
310,81
311,63
312,747
313,56
314,50
315,61
316,51
317,63
318,416
319,47
320,67
321,68
322,41
323,49
324,420
325,44
326,115
327,59
328,47
329,40
330,395
331,230
332,413
333,40
334,53
335,61
336,394
337,65
338,46
339,48
340,103
341,44
342,667
343,65
344,49
345,42
346,58
347,58
348,1117
349,59
350,56
351,46
352,65
353,78
354,424
355,74
356,87
357,89
358,90
359,82
360,437
361,116
362,110
363,117
364,104
365,103
366,427
367,119
368,100
369,110
370,126
371,125
372,457
373,112
374,113
375,124
376,112
377,98
378,455
379,119
380,94
381,130
382,101
383,116
384,458
385,118
386,108
387,104
388,106
389,114
390,456
391,124
392,109
393,114
394,125
395,113
396,428
397,109
398,131
399,105
400,111
401,106
402,454
403,100
404,132
405,122
406,98
407,118
408,453
409,123
410,107
411,114
412,110
413,113
414,446
415,116
416,105
417,105
418,111
419,112
420,446
421,117
422,110
423,117
424,83
425,141
426,363
427,56
428,48
429,69
430,69
431,118
432,653
433,65
434,67
435,81
436,71
437,54
438,672
439,48
440,48
441,65
442,60
443,64
0,4098
1,347
2,133
3,139
4,68
5,83
6,223
7,81
8,130
9,646
9,17
10,163
11,157
11,5
12,202
13,238
14,99
15,124
16,162
17,94
18,263
19,84
20,61
21,151
22,21
23,482
24,501
25,268
26,256
27,344
28,482
29,130
30,274
31,70
32,121
33,70
34,97
35,548
36,575
37,213
38,131
39,1018
40,206
41,814
42,190
43,129
44,126
45,126
46,125
47,113
48,103
49,205
50,76
51,240
52,126
53,132
54,363
55,197
56,201
57,302
58,125
59,124
60,313
61,22
62,126
63,79
64,126
65,127
66,327
67,30
68,127
69,75
70,125
71,111
72,306
73,28
74,126
75,97
76,126
77,126
78,277
79,71
80,104
81,330
82,314
83,1508
84,555
85,128
86,78
87,125
88,117
89,125
90,186
91,128
92,125
93,40
94,53
95,126
96,112
97,142
97,34
98,69
99,51
100,125
101,134
102,350
103,130
104,69
105,312
106,282
107,127
108,164
109,127
110,126
111,73
112,125
113,131
114,175
115,129
115,36
116,78
117,100
118,203
119,609
120,449
121,128
122,125
123,126
124,127
125,29
124,22
125,188
126,38
127,55
128,126
129,99
130,125
131,125
132,377
133,129
134,73
135,125
136,110
137,125
138,183
139,40
140,125
141,43
142,58
143,126
144,200
145,129
146,95
147,125
148,126
149,76
150,242
151,149
152,198
153,569
154,163
155,126
156,411
157,129
158,126
159,126
160,86
161,71
162,198
163,76
164,126
165,144
166,203
167,83
168,243
169,128
170,126
171,126
172,125
173,30
174,215
175,68
176,231
177,596
178,393
179,125
180,470
181,128
182,125
183,125
184,124
185,39
186,107
187,128
188,29
187,47
188,52
189,10
190,336
191,126
192,425
193,128
194,124
195,125
196,81
197,119
198,176
199,49
200,101
201,146
202,126
203,125
204,88
205,40
206,125
207,59
208,158
209,194
210,325
211,383
212,125
213,126
214,125
215,127
216,149
217,35
218,106
219,127
220,94
221,252
222,70
223,129
224,126
225,127
225,30
226,238
227,189
228,18
229,198
230,491
231,403
232,125
233,126
234,372
235,166
235,54
236,87
237,1603
238,352
239,125
240,411
241,129
242,125
243,126
244,131
244,45
245,84
246,78
247,101
248,182
249,124
250,126
251,323
252,178
253,128
254,125
255,127
256,125
257,56
258,164
259,109
260,181
261,606
262,260
263,126
264,317
265,148
266,88
267,139
268,127
269,130
270,308
271,148
272,187
273,182
274,126
275,133
276,320
277,255
277,4
278,1183
279,1584
280,125
281,126
282,272
283,177
284,125
285,117
286,126
287,125
288,81
289,130
290,142
291,47
292,126
293,101
294,343
295,129
296,125
297,102
298,126
299,113
300,106
301,106
302,37
303,80
304,114
305,125
306,106
307,129
308,67
309,116
310,126
311,128
312,211
313,69
314,124
315,75
316,272
317,87
318,4579
319,128
320,125
321,126
322,125
323,26
324,186
325,114
326,161
327,1718
328,324
329,126
330,416
331,128
332,126
333,127
334,125
335,58
336,170
337,106
338,164
339,253
340,123
341,125
342,420
343,128
344,127
345,125
346,71
347,69
348,184
349,167
349,60
350,55
351,219
352,4599
352,38
353,597
354,252
355,129
356,126
357,126
358,150
359,25
360,148
361,130
362,126
363,126
364,177
365,135
366,152
367,85
368,113
369,670
370,120
371,126
372,569
373,129
374,125
375,125
376,124
377,95
378,133
379,135
380,76
381,136
382,124
383,75
384,185
385,171
386,126
387,126
388,125
389,125
390,82
391,125
392,124
393,87
394,30
395,125
396,177
397,31
398,102
399,125
400,47
401,276
402,70
403,129
404,125
405,125
406,126
407,44
408,134
409,128
410,30
409,14
410,114
411,147
412,121
413,125
414,425
415,128
416,125
417,126
417,39
418,34
419,79
420,172
421,119
422,204
423,125
424,137
425,125
426,157
427,151
428,111
429,125
430,129
431,44
430,18
431,153
431,30
432,15
433,104
434,82
435,124
436,127
437,126
438,183
439,184
440,67
440,94
441,11
442,221
443,127
444,199
445,128
446,96
447,127
448,126
449,60
450,159
451,176
452,93
453,170
453,19
454,1119
455,233
456,598
457,128
457,37
458,102
459,267
460,44
461,1130
462,183
0,9388
0,10279
1,618
2,184
3,478
4,19
5,122
6,162
7,810
8,255
8,4
9,327
10,11
11,313
12,1167
13,364
13,30
14,231
15,34
16,817
17,115
18,230
19,27
20,160
21,148
22,46
23,38
24,580
25,286
26,219
27,44
28,120
29,168
30,260
31,236
32,526
33,32
34,238
35,206
36,39
37,74
38,77
39,550
40,55
41,408
42,312
43,74
44,204
45,32
46,222
47,248
48,322
49,87
51,763
52,1413
53,392
54,198
55,43
56,373
57,185
58,127
59,330
60,22
61,377
62,17
63,271
64,28
65,259
66,240
67,266
68,27
69,286
70,201
71,256
72,25
73,298
74,242
75,15
76,236
77,259
78,28
79,597
80,46
81,513
83,18
82,242
84,560
85,40
86,365
87,243
88,29
89,284
90,69
91,278
92,25
93,270
94,29
95,125
96,133
97,56
98,246
99,277
100,52
101,41
102,194
103,87
104,426
105,12
106,237
107,165
108,444
109,401
110,144
111,28
112,199
113,160
114,412
115,48
116,82
117,74
118,666
119,132
120,386
121,286
122,155
123,104
124,216
125,442
126,136
127,65
128,386
129,286
129,3
130,184
131,83
132,61
133,187
134,1261
135,191
136,392
137,74
138,101
139,100
140,352
141,257
142,603
143,85
144,41
145,407
146,111
147,240
148,17
147,3
148,98
149,854
150,236
151,313
152,57
151,17
153,101
154,514
155,234
156,32
157,292
158,80
159,478
160,31
161,100
162,611
163,45
164,309
165,346
166,30
167,521
168,94
169,437
170,130
171,50
172,363
173,197
174,72
175,349
176,25
177,237
178,30
179,551
180,69
181,416
182,43
183,72
184,130
185,459
186,409
187,391
188,92
189,95
190,40
191,351
191,15
192,201
193,60
194,27
195,947
196,109
197,127
198,202
199,300
200,373
201,95
201,5
202,61
203,488
204,298
205,84
206,188
207,57
208,601
209,152
210,149
211,409
212,150
213,55
214,553
215,49
215,67
216,175
217,955
218,543
218,32
219,106
220,35
221,579
222,35
223,307
224,275
225,32
226,345
227,33
228,281
229,28
230,256
231,99
232,230
233,21
234,312
235,64
236,195
237,63
238,355
239,25
240,170
241,94
242,294
243,162
243,87
244,45
245,31
244,6
245,96
246,69
247,1016
248,341
249,165
250,36
251,102
252,445
253,107
254,75
255,363
256,590
257,29
258,342
259,229
260,41
261,270
262,70
263,614
264,62
265,317
266,289
267,22
268,249
269,62
270,273
271,27
272,294
273,26
274,250
275,49
276,252
277,68
278,290
279,16
280,164
281,201
282,37
283,26
284,197
285,66
286,633
287,282
288,250
289,67
290,216
291,346
292,141
293,907
294,207
295,355
296,48
0,6813
1,698
2,49
3,458
4,121
5,22
7,691
8,650
9,338
10,97
11,474
12,305
13,114
13,28
14,203
15,4
16,329
17,85
19,589
20,883
21,214
21,41
22,275
23,65
24,175
25,136
26,222
27,65
28,135
29,132
30,188
31,106
32,27
33,116
34,43
35,914
36,228
37,21
38,47
39,167
40,337
41,296
42,208
43,41
44,336
45,586
0,12418
1,621
2,130
4,600
5,112
6,94
7,777
8,141
9,251
10,226
11,122
12,43
13,417
14,20
15,178
16,27
17,327
18,95
19,134
20,48
21,411
22,127
22,58
23,24
24,233
25,573
26,362
27,25
28,133
29,72
30,583
31,28
32,1
0,7832
1,593
2,212
3,1143
4,388
5,147
6,51
7,569
8,41
9,624
10,766
11,320
12,100
13,110
14,69
15,851
16,222
17,206
18,112
19,62
20,533
21,62
22,482
23,38
24,93
25,438
26,77
27,13
28,62
29,479
30,42
31,77
32,524
33,13
34,59
35,625
36,308
37,262
37,34
38,4
39,513
39,24
40,102
40,46
41,37
42,450
44,123
45,94
46,913
47,124
48,219
49,444
50,124
51,585
52,201
53,365
54,24
55,408
56,5
55,8
56,34
57,214
58,657
59,4
60,413
60,44
61,622
61,5
62,122
63,168
64,390
65,132
66,166
67,267
68,266
69,104
70,542
71,56
72,571
73,24
74,136
75,375
76,203
77,105
78,370
79,159
80,95
81,29
82,347
83,151
85,168
86,219
87,90
88,479
89,154
90,274
91,56
92,138
93,544
94,271
94,7
95,210
96,51
97,123
98,440
99,227
100,494
101,24
102,3
103,146
104,431
105,203
106,3
107,409
108,125
109,73
109,86
110,52
111,569
112,111
113,289
114,162
115,74
116,68
117,207
117,47
118,34
119,103
120,189
0,14870
1,665
2,254
4,817
5,8
6,603
7,651
8,381
10,2266
11,65
13,80
14,6
15,49
16,19
17,401
18,493
18,26
20,33
21,147
22,31
23,1276
24,162
25,367
26,81
27,74
28,179
29,367
30,52
31,506
32,55
33,48
34,198
35,375
36,27
35,69
36,191
37,14
38,1780
39,249
40,324
41,29
42,664
43,115
44,428
45,274
46,136
47,152
48,32
49,362
50,54
51,602
52,74
53,306
54,103
55,1557
56,3
57,1120
58,368
59,192
60,54
61,448
62,114
63,56
64,347
65,107
66,60
67,126
68,266
69,136
70,261
71,101
72,23
73,92
74,297
75,121
76,154
77,31
77,80
78,521
79,109
80,328
81,543
82,46
83,860
84,208
85,278
86,25
87,88
88,465
89,409
90,118
91,64
92,374
93,86
93,37
94,70
95,57
95,65
96,194
97,507
98,113
99,292
100,108
101,110
102,89
103,316
104,31
105,159
106,50
107,44
108,320
109,43
110,947
111,175
112,366
113,64
114,548
115,121
116,835
117,314
118,21
119,243
120,2
121,876
122,210
123,385
124,10
123,18
125,114
126,715
127,336
128,41
129,134
130,87
130,45
131,388
132,61
133,237
134,228
135,61
134,16
135,53
136,12
136,34
137,91
138,78
139,202
140,277
141,52
142,395
143,94
0,10251
2,808
4,681
5,397
6,267
7,36
9,347
10,350
11,24
12,227
13,1348
14,138
15,47
16,531
17,105
18,2069
19,76
20,457
21,184
22,320
23,94
24,155
25,227
26,87
27,111
28,120
29,120
31,673
32,184
33,32
34,231
35,115
36,912
37,76
37,47
38,554
39,165
40,91
41,499
43,279
44,28
45,365
47,160
49,220
50,4
51,539
52,81
53,370
55,248
56,17
57,251
58,136
59,140
60,66
61,421
62,346
63,121
64,95
65,274
66,207
67,221
68,119
69,811
70,310
71,98
72,128
73,58
74,292
75,371
76,548
77,52
78,475
79,56
80,63
81,1069
82,21
83,1135
84,474
85,66
86,54
87,428
88,112
89,61
90,463
91,61
92,71
93,477
94,203
95,3
96,214
97,261
98,2
99,3
100,594
101,7
102,657
103,122
104,338
105,52
106,201
107,356
108,61
109,510
110,246
111,86
112,184
113,104
114,251
115,58
116,465
117,45
118,128
119,286
120,897
121,199
122,318
122,68
123,23
124,104
125,87
124,25
125,188
126,261
127,278
128,94
129,64
129,24
130,238
131,311
132,70
133,178
134,60
135,166
135,4
136,130
137,63
138,370
139,140
140,456
141,77
142,137
143,343
144,60
145,176
146,16
147,355
148,53
149,129
150,87
151,300
152,44
153,211
154,58
153,34
154,59
156,614
157,511
158,109
159,112
160,216
161,370
162,944
163,234
163,71
164,272
165,447
166,139
166,46
167,96
167,35
168,205
169,917
170,493
170,108
171,65
172,161
173,445
174,2
175,97
176,46
177,1236
178,543
179,83
180,5
181,542
182,66
183,447
0,7996
1,652
2,152
3,498
5,122
7,699
8,551
9,58
10,387
11,129
13,110
14,303
15,117
16,363
17,153
18,242
19,62
20,111
21,65
22,27
23,855
24,217
25,340
26,27
27,137
28,400
29,8
30,151
31,115
31,12
32,203
33,70
34,1020
34,38
35,236
36,403
37,171
38,12
39,364
40,138
41,341
42,3
43,552
44,55
45,350
46,207
47,2
48,69
49,558
50,38
51,444
52,128
53,46
54,633
55,20
56,458
57,219
58,319
59,216
60,4
61,207
62,46
63,18
64,824
65,314
66,316
67,16
68,2
69,725
69,54
70,12
71,403
72,613
73,367
74,73
75,105
76,59
77,856
78,228
79,246
80,35
81,183
82,538
83,50
84,463
85,57
86,80
87,401
88,52
89,94
90,48
91,320
92,223
93,111
94,244
95,124
95,14
97,222
98,167
99,520
100,124
101,29
100,6
103,105
104,172
105,154
106,777
107,199
108,194
109,121
110,244
111,49
112,27
113,780
114,137
115,265
116,56
117,131
118,120
119,60
120,209
121,165
122,34
123,267
124,129
125,193
127,79
128,140
129,151
130,40
131,1470
132,60
0,4977
1,651
2,140
3,535
4,79
5,47
6,68
7,657
8,207
9,29
10,282
11,76
12,493
13,267
14,1179
15,255
16,337
17,101
18,156
19,209
19,17
20,67
21,208
22,142
23,196
23,60
24,385
25,479
26,401
27,243
28,25
29,169
0,8435
1,731
2,91
3,214
4,1330
5,332
6,196
7,95
8,616
9,38
10,315
11,546
12,55
13,430
14,117
15,101
16,318
17,310
18,3
17,22
18,165
18,32
19,146
20,218
0,7330
1,662
2,200
3,454
4,137
5,97
6,150
7,419
8,90
9,44
10,258
11,146
12,24
13,283
14,128
15,216
16,674
17,307
18,78
19,171
20,54
21,834
22,242
23,236
24,51
25,65
26,467
27,177
28,29
29,397
30,32
0,7266
1,661
2,104
3,416
4,114
5,78
6,261
7,86
8,865
9,738
9,45
10,208
11,140
12,147
13,356
14,428
15,23
16,792
17,171
18,265
19,147
20,137
21,120
22,93
23,153
24,18
25,410
25,54
26,229
27,246
27,35
28,417
29,40
30,227
31,149
32,714
33,346
34,102
34,54
35,240
36,6
37,309
37,27
38,238
39,52
40,545
41,85
42,570
43,15
44,34
45,570
46,35
47,332
48,550
49,69
50,309
51,268
52,48
53,268
54,101
55,251
56,195
57,110
58,46
57,24
58,153
58,5
59,99
59,11
60,109
60,17
61,108
62,620
63,153
64,141
65,238
66,112
67,458
68,192
69,332
70,278
71,261
72,73
73,227
74,99
75,153
76,69
77,77
78,265
79,65
80,63
81,117
82,661
83,7
84,379
85,177
86,109
87,315
88,22
88,62
89,139
90,82
91,344
92,213
93,57
92,27
93,39
0,6271
1,642
2,128
3,881
4,246
4,89
5,218
6,1767
7,327
7,47
8,135
9,61
10,82
11,12
12,104
13,69
14,32
15,170
16,399
17,468
18,316
19,117
19,24
20,39
20,66
21,270
22,165
23,916
23,14
24,173
25,58
25,52
26,338
27,31
28,186
29,275
30,331
31,48
32,457
33,30
34,46
33,44
34,32
34,30
35,149
36,392
37,10
38,292
38,71
39,590
40,298
40,16
41,247
42,60
43,252
44,224
45,26
44,52
45,130
45,7
46,3
47,123
48,959
49,231
50,103
51,191
52,91
53,894
54,249
55,541
56,256
57,304
58,295
59,39
59,36
60,474
61,120
62,393
63,179
64,35
65,272
66,40
67,151
68,363
69,159
70,42
70,54
71,32
72,88
73,245
74,33
75,192
76,20
77,54
78,79
79,369
80,61
81,901
82,7
83,393
84,346
85,155
86,531
86,42
87,66
87,27
89,661
90,101
91,168
92,596
93,59
94,247
95,217
97,97
98,240
99,83
100,87
101,336
103,202
104,309
105,359
107,306
108,154
110,2572
111,134
112,366
112,5
113,235
114,79
115,316
116,79
117,947
117,26
118,127
119,209
120,286
121,98
122,1024
122,6
123,524
124,214
125,123
126,317
127,42
129,191
130,219
131,218
132,141
133,24
135,211
136,237
137,239
138,31
138,59
139,122
139,43
140,97
141,6
142,55
143,346
145,160
146,242
147,95
148,805
149,16
150,415
151,194
152,95
153,175
154,83
155,1038
156,11
157,246
158,331
159,917
159,11
160,212
160,13
161,411
162,100
163,126
164,294
164,13
165,853
166,229
167,37
168,250
169,104
169,62
170,895
170,13
171,261
172,105
173,765
174,206
175,211
176,197
177,159
178,87
178,23
179,325
180,134
180,65
181,57
181,22
182,117
183,1478
183,11
184,101
185,209
186,215
187,470
188,73
188,42
189,816
190,327
191,50
192,235
193,55
194,499
195,380
196,215
196,57
197,140
197,63
199,210
200,520
201,107
202,302
203,113
205,221
206,523
207,50
208,439
209,56
211,148
212,325
213,208
214,131
215,227
216,191
217,46
218,189
219,357
220,472
221,169
223,362
224,76
225,272
226,113
227,157
228,105
229,283
230,61
231,80
231,43
232,115
233,58
233,34
234,230
235,115
236,69
237,83
238,565
239,214
240,394
241,117
242,573
243,187
244,146
245,16
246,255
247,133
248,272
249,190
250,8
251,18
249,104
250,394
251,159
252,80
253,103
254,255
255,48
256,527
257,892
257,4
258,220
259,138
260,32
261,201
262,409
263,27
262,27
263,126
264,313
265,561
266,63
266,91
267,190
268,261
269,336
270,4
271,211
272,200
272,7
273,98
274,158
274,29
275,105
276,475
277,55
278,224
278,41
279,185
280,20
281,89
282,57
283,739
284,66
285,378
286,57
287,446
287,5
288,230
289,239
290,696
291,4
292,363
292,42
293,913
294,145
295,64
296,608
297,58
298,153
299,273
301,328
302,234
303,74
304,480
305,44
307,97
308,44
309,288
310,92
311,1011
312,116
313,341
314,152
315,136
316,133
318,2
317,405
319,90
320,63
321,261
322,444
323,67
324,138
325,170
326,744
327,8
328,425
328,42
329,92
330,220
331,576
332,107
333,239
334,193
335,179
336,50
337,240
338,113
339,70
340,221
341,667
342,244
342,38
343,55
344,219
345,119
346,28
347,188
347,42
348,253
349,770
349,4
350,306
350,24
351,8
352,626
353,524
354,285
355,108
356,662
357,255
358,29
359,314
360,69
361,497
362,252
363,9
364,39
365,409
365,50
367,224
368,321
369,88
370,472
370,17
371,345
373,181
374,45
375,209
376,180
377,115
378,115
380,178
381,182
382,623
382,28
383,111
384,155
385,2199
386,24
385,7
386,9
387,165
388,120
388,35
389,35
390,39
391,11
390,5
391,658
392,7
393,285
395,403
396,148
397,706
398,52
399,345
400,88
401,804
402,139
403,191
404,286
405,79
406,67
407,501
407,12
408,217
409,115
409,17
410,11
412,455
413,443
414,165
415,141
416,111
417,88
418,101
419,135
420,54
421,704
422,364
422,42
423,110
424,129
425,249
426,315
427,200
428,105
428,58
429,143
430,62
431,44
432,882
433,238
433,48
434,222
435,58
436,57
436,30
437,420
439,235
440,310
441,596
441,22
442,201
443,72
445,373
446,371
447,196
448,17
449,363
451,229
452,45
453,971
454,3
455,149
456,173
457,203
458,220
459,106
460,242
461,321
461,23
462,216
463,306
464,80
465,515
466,9
467,462
468,317
468,44
469,52
470,184
471,15
470,20
471,5
471,60
472,52
473,746
474,253
475,276
476,103
476,60
477,146
478,63
478,25
479,159
480,507
481,211
482,172
483,177
484,59
483,5
484,137
485,224
486,23
487,579
488,32
489,396
490,136
491,81
492,464
493,82
494,60
495,503
496,556
497,173
497,61
498,287
499,608
500,37
500,60
501,300
502,193
503,257
504,653
505,261
506,152
506,10
507,107
508,271
509,111
510,75
511,146
512,14
511,60
512,144
513,268
513,22
515,49
516,933
517,2749
519,394
521,172
523,6
524,234
525,3
526,112
527,73
528,433
529,127
530,105
531,231
532,118
532,5
533,101
534,460
535,40
536,603
536,31
537,184
538,44
539,6894
540,79
539,7
541,1135
543,3
544,8
546,421
547,16
548,26
549,24
550,26
551,7
552,73
553,23
554,13
555,45
556,19
560,12
562,9
563,3
561,35
564,44
565,44
566,1192
567,855
567,3
568,257
569,168
571,245
572,276
573,431
574,25
575,40
576,611
577,35
578,239
579,99
580,261
581,25
582,284
582,67
583,109
584,237
585,45
586,13
587,29
588,644
589,201
590,673
590,4
591,283
592,134
593,268
594,191
595,64
596,101
596,84
597,131
598,126
598,60
599,19
600,53
599,14
600,82
601,208
602,1105
603,5
604,38
605,441
606,447
607,137
608,38
610,599
611,53
612,378
0,5826
1,710
2,146
3,268
4,823
5,6
6,314
7,1086
8,597
9,694
10,314
11,12
12,220
13,84
14,531
15,73
15,11
16,22
17,891
18,246
19,352
20,39
19,19
20,62
21,71
22,700
22,10
23,321
24,50
25,176
26,113
27,332
28,40
28,76
29,303
30,6
31,677
32,339
33,29
34,181
35,86
35,43
36,419
37,382
38,235
39,37
39,41
40,251
41,220
42,6
43,316
44,18
45,76
45,52
46,145
47,118
47,8
48,169
49,25
49,39
50,147
51,23
51,13
52,76
53,188
54,579
55,70
56,296
57,324
58,12
57,52
58,120
59,33
60,84
61,471
62,57
62,53
63,48
63,21
64,310
65,29
66,674
67,133
67,59
68,226
69,129
70,175
71,374
72,76
73,483
74,2
73,35
74,189
75,11
76,38
76,87
77,1045
77,17
78,213
79,203
80,455
80,6
81,111
82,848
83,268
83,5
84,164
85,107
86,86
87,431
88,659
89,317
90,71
91,179
92,51
93,326
94,143
95,17
94,33
95,4
96,206
96,23
97,95
98,41
99,58
100,543
101,544
102,177
103,218
104,197
105,56
106,70
106,56
107,147
107,8
108,120
109,151
109,26
110,229
111,510
112,368
113,187
114,84
115,284
116,82
116,29
117,77
118,89
119,77
120,1104
121,634
122,54
123,24
122,86
123,74
124,571
124,34
126,134
127,109
128,370
129,77
129,49
130,39
131,118
131,61
132,954
133,218
133,5
134,340
135,72
136,643
137,17
138,166
139,144
140,491
141,78
142,66
143,314
144,928
145,284
146,307
147,53
148,237
149,13
148,55
149,151
150,243
151,6
152,400
153,190
153,32
154,14
154,35
155,151
156,181
157,89
158,441
159,44
160,169
161,180
162,10
163,1095
164,46
165,481
166,176
167,172
168,128
169,187
170,742
171,348
172,10
173,191
174,84
175,628
176,59
177,170
178,356
179,93
180,258
181,165
182,131
183,19
184,447
185,74
186,4362
187,132
188,62
188,28
189,12
190,47
191,5
191,20
192,56
194,417
195,310
196,177
197,526
198,2
199,551
200,188
201,343
202,131
203,17
204,55
205,103
206,120
206,69
207,83
208,52
209,497
210,225
211,178
212,293
213,246
214,73
214,32
215,460
216,384
217,142
218,101
219,291
220,88
221,48
222,187
223,22
224,256
225,292
226,102
226,59
227,104
228,64
229,268
230,94
231,227
232,4
233,43
235,668
236,772
237,307
238,95
239,132
240,145
241,844
242,346
243,147
244,64
245,74
246,1484
247,56
248,552
249,114
250,1164
251,285
252,92
253,159
254,87
254,28
255,429
256,395
257,159
258,104
259,332
260,28
260,47
261,11
262,148
263,86
264,10
265,317
265,50
266,100
267,123
268,48
269,422
271,380
272,140
273,40
274,113
275,486
277,44
278,93
279,203
280,99
281,206
282,214
283,352
284,386
285,24
285,45
286,97
287,85
288,279
289,143
290,152
291,34
292,214
293,119
293,25
295,287
296,98
297,48
298,115
299,482
300,227
301,187
302,143
303,77
304,382
305,37
306,165
307,153
308,80
309,345
310,24
311,250
312,53
313,995
313,28
314,524
315,670
316,306
317,177
318,40
319,103
320,880
321,340
322,88
323,839
324,263
325,286
325,49
326,41
327,94
328,74
329,161
329,9
330,147
331,194
332,74
332,60
333,143
333,14
334,210
335,535
336,91
337,434
337,29
338,72
338,23
339,71
339,40
340,750
341,310
342,81
343,246
344,102
345,4
346,581
347,55
348,322
349,366
350,15
351,299
352,7
353,258
354,54
355,264
356,102
357,111
358,194
359,37
360,337
361,138
362,112
363,53
362,18
363,36
364,317
365,862
366,256
367,273
367,57
368,40
368,42
369,158
370,51
369,7
370,222
371,279
372,42
373,136
374,540
375,99
376,573
376,44
377,121
377,57
378,133
379,116
380,410
381,167
382,347
383,18
384,114
385,121
386,318
386,12
388,196
389,910
390,216
391,331
391,73
392,31
392,67
393,59
393,26
394,48
394,70
395,150
396,888
397,234
397,55
398,261
398,48
399,52
399,44
400,162
401,246
402,115
403,82
404,152
405,143
406,708
407,61
408,167
409,99
410,443
411,840
411,64
412,218
412,92
413,81
414,1038
415,538
415,64
416,12
416,79
417,53
418,193
419,450
420,448
421,382
422,192
423,58
423,35
424,305
425,49
425,45
426,255
427,262
428,285
429,121
430,288
431,158
432,231
433,168
434,238
435,7
436,293
437,181
438,353
439,206
440,3
441,75
441,34
442,209
443,159
444,64
445,354
445,51
446,101
447,143
448,263
449,104
450,147
451,43
452,59
451,50
452,161
453,44
453,79
454,19
455,783
456,62
457,252
458,277
459,102
460,467
461,72
461,48
462,43
463,352
464,61
465,193
466,22
466,44
467,199
468,73
469,100
469,41
470,84
471,145
472,254
473,139
474,45
475,265
476,11
477,219
477,53
478,708
479,238
479,5
480,367
481,79
482,658
482,58
483,212
483,7
484,1465
484,6
485,974
486,125
487,2869
488,226
489,130
490,13
491,12
492,22
493,74
493,58
494,205
495,66
496,655
497,203
498,145
499,194
500,95
501,119
502,144
502,12
503,70
504,53
505,73
506,4
507,221
507,41
508,62
509,80
510,937
511,231
512,300
513,25
514,124
515,70
516,815
517,322
518,72
519,159
520,75
521,703
522,238
522,43
523,311
524,27
525,594
526,94
527,464
528,205
529,321
530,105
530,51
531,1097
532,418
533,177
534,50
535,488
536,53
537,252
538,837
539,307
540,70
541,151
542,88
542,47
543,393
544,68
544,26
545,139
546,297
547,50
548,201
549,49
550,292
551,92
553,501
554,91
555,422
556,121
557,91
558,191
559,7
560,320
561,77
562,36
563,174
563,23
564,49
565,173
566,1002
567,458
568,71
568,44
569,68
569,44
570,365
571,119
571,35
572,97
573,361
574,270
575,93
576,68
577,108
577,12
578,104
578,14
579,69
580,418
581,428
582,203
583,30
584,83
585,236
586,90
586,19
587,573
588,329
588,9
589,301
590,5
591,550
592,71
592,42
593,883
594,264
595,282
595,21
596,74
597,358
598,491
599,75
600,125
601,327
602,71
602,33
603,227
604,215
605,54
605,39
606,226
607,219
608,37
609,462
610,112
611,146
612,278
613,114
614,212
615,163
616,59
617,171
618,131
619,304
620,288
621,173
622,532
623,197
624,452
625,51
626,430
627,846
628,360
629,39
630,129
631,125
632,412
633,969
634,458
635,168
636,5
637,553
638,87
638,32
639,602
640,191
641,38
642,358
643,63
644,646
645,72
646,96
647,122
648,409
649,64
650,288
650,45
651,211
652,167
652,18
653,95
653,48
654,152
655,344
656,232
657,124
658,228
659,71
660,166
661,75
662,130
662,71
663,40
664,167
666,664
667,240
668,251
668,42
669,127
670,129
671,84
671,36
672,294
673,140
674,267
675,67
676,68
676,34
677,86
678,314
679,29
680,114
681,266
682,324
683,209
684,51
685,147
685,47
686,363
687,107
688,421
689,241
690,130
691,423
691,76
692,61
692,33
693,80
693,4
694,59
695,316
696,233
697,197
698,396
699,68
699,49
700,42
701,107
702,458
703,199
704,137
705,162
706,274
707,65
707,40
708,896
709,270
710,93
711,217
712,63
713,308
714,161
715,102
716,301
717,66
718,505
719,80
720,380
721,574
722,82
721,13
722,13
723,122
724,220
725,328
726,76
727,294
728,163
729,112
729,32
730,61
731,221
732,57
733,67
734,628
735,157
736,98
737,352
737,56
738,866
739,286
740,110
741,153
742,113
743,409
744,229
745,28
746,292
747,103
748,569
749,4
750,325
751,215
752,81
753,234
753,34
754,89
754,8
755,99
757,134
758,399
760,226
761,332
762,187
763,46
764,292
764,49
765,149
766,47
767,96
767,49
768,878
769,251
770,300
771,101
771,47
772,139
773,50
774,72
775,206
776,35
776,76
777,52
778,170
779,110
780,457
781,254
782,107
782,51
783,155
784,76
784,29
785,155
786,715
787,103
787,65
788,395
788,80
789,91
789,45
790,202
791,31
792,241
793,285
794,724
795,268
796,176
797,167
798,150
799,767
800,309
801,93
802,138
803,87
803,124
804,946
805,173
805,7
806,367
807,95
806,22
807,88
807,108
808,31
809,162
810,92
811,541
812,153
812,58
813,631
814,104
815,243
816,281
817,460
818,131
818,71
819,23
820,18
821,304
821,48
823,259
824,265
825,83
826,24
827,613
828,135
829,217
830,131
831,477
832,156
833,50
834,418
835,11
834,54
835,107
836,130
837,20
836,13
837,151
838,290
839,196
841,301
842,6806
843,2
844,610
845,165
846,505
847,107
848,1
849,105
850,421
851,234
852,181
853,699
854,327
855,148
856,89
856,42
857,6
858,82
859,201
860,657
861,330
862,97
863,143
864,55
865,664
866,246
866,5
867,289
867,47
868,53
868,10
869,448
870,417
871,128
872,85
872,13
873,304
874,147
875,400
875,36
876,234
877,215
877,57
878,39
879,289
880,38
881,525
882,96
883,445
884,102
884,33
885,59
885,9
886,332
887,262
888,155
889,145
890,94
890,15
891,437
891,19
893,193
895,343
896,107
897,555
898,175
899,18
900,836
901,283
901,70
902,119
903,74
903,16
904,82
905,534
906,90
907,442
908,95
908,41
909,49
909,5
910,328
911,140
913,190
914,240
915,82
916,358
917,148
918,225
919,198
920,37
920,66
921,493
923,73
924,988
925,361
926,175
927,163
928,5
929,295
930,165
930,12
931,101
932,57
932,75
933,1159
934,387
935,153
936,86
937,458
937,28
938,41
939,177
940,468
941,7
942,53
943,119
944,570
945,3
946,20
944,132
945,19
947,64
948,692
949,265
950,367
950,6
951,3
952,171
953,157
953,8
954,328
955,6
955,62
956,941
957,211
958,402
959,45
960,225
961,145
962,208
963,868
964,221
965,180
966,116
967,94
968,196
969,175
970,125
970,17
971,19
971,53
972,53
973,170
974,20
973,16
974,22
975,200
976,516
977,50
978,28
979,231
980,230
981,126
982,69
981,26
982,54
983,9
984,149
985,735
986,224
987,654
988,228
989,125
990,250
991,38
992,887
992,14
993,392
994,229
995,66
996,126
997,192
997,27
998,1004
999,228
1000,22
1001,357
1002,60
1001,41
1002,223
1003,106
1004,795
1005,287
1006,169
1007,120
1008,292
1009,748
1009,40
1010,158
1011,3
1012,690
1013,356
1014,285
1015,321
1016,126
1017,53
1018,3211
1018,15
1019,71
1019,108
1020,17
1021,10
1023,17
1024,73
1025,141
1026,398
1027,326
1028,212
1029,30
1030,2
1031,124
1032,1493
1033,50
1034,503
1035,104
1036,437
1037,94
1038,253
1039,13
1040,43
1041,34
1042,628
1043,39
1044,284
1045,57
1046,229
1047,385
1048,201
1049,97
1050,161
1051,398
1052,21
1053,222
1054,166
1055,49
1056,374
1057,107
1058,2
1059,719
1060,153
1061,413
1062,94
1063,147
1064,27
1065,284
1066,125
1067,46
1067,47
1068,79
1069,91
1069,4
1070,216
1071,664
1071,47
1072,296
1073,145
1074,69
1075,250
1076,1025
1077,392
1077,40
1078,144
1079,540
1080,190
1081,575
1082,121
1083,13
1084,358
1084,13
1085,306
1086,252
1087,696
1088,362
1089,37
1090,148
1091,94
1092,441
1093,175
1094,11
1095,98
1096,536
1097,60
1098,250
1099,13
1100,710
1101,11
1102,106
1103,89
1104,460
1105,69
1106,63
1107,183
1108,711
1109,239
1110,83
1111,331
1112,2
1113,674
1114,32
1115,28
1116,321
1117,640
1118,49
1117,6
1118,38
1119,475
1120,103
1121,45
1123,536
1124,138
1125,79
1126,1327
1127,84
1128,452
1129,479
1130,198
1131,4
1132,377
1133,195
1134,1
1135,167
1135,16
1136,180
1137,84
1137,53
1138,228
1139,84
1140,209
1141,111
1142,125
1143,87
1144,228
1145,207
1147,154
1148,896
1148,60
1149,74
1150,118
1151,318
1152,140
1153,319
1154,1030
1155,469
1156,65
1156,49
1157,42
1157,25
1158,877
1159,237
1160,204
1161,108
1162,90
1163,446
1163,42
1164,39
1165,108
1165,29
1166,463
1167,26
1168,424
1169,422
1170,21
1171,84
1172,362
1173,504
1174,33
1174,41
1175,83
1175,5
1176,84
1177,720
1178,30
1179,260
1180,361
1181,5
1182,201
1183,97
1183,60
1184,266
1185,24
1186,123
1187,833
1188,109
1189,200
1190,288
1191,112
1192,99
1192,17
1193,451
1194,34
1195,106
1196,60
1197,680
1198,593
1199,228
1200,216
1201,88
1202,258
1203,15
1204,566
1205,255
1205,4
1206,153
1207,156
1208,76
1209,349
1209,56
1210,85
1211,61
1212,81
1213,536
1214,142
1214,19
1215,439
1216,26
1217,866
1218,239
1218,71
1219,218
1219,55
1220,77
1220,18
1221,54
1222,630
1222,54
1223,93
1223,5
1224,145
1225,212
1226,177
1227,125
1228,240
1229,336
1230,226
1231,102
1231,92
1232,229
1233,7
1234,155
1235,112
1236,300
1237,61
1238,179
1239,102
1240,210
1240,38
1241,209
1242,666
1243,51
1244,570
1245,38
1246,382
1247,98
1248,193
1249,164
1250,136
1251,13
1252,671
1253,35
1254,201
1254,7
1255,528
1256,608
1257,129
1258,100
1259,539
1259,12
1260,72
1261,544
1262,65
1263,145
1263,7
1264,431
1265,104
1266,284
1267,245
1268,279
1269,566
1270,112
1270,24
1271,75
1272,305
1273,467
1274,235
1275,596
1276,143
1277,82
1278,329
1279,213
1280,1107
1281,3
1282,266
1283,46
1282,4
1284,224
1285,955
1285,41
1286,535
1287,670
1288,323
1289,135
1289,81
1290,8
1291,84
1291,35
1292,425
1293,446
1294,105
1294,32
1295,46
1295,30
1296,321
1297,450
1298,79
1298,45
1299,57
1299,50
1300,314
1300,35
1301,121
1302,15
1303,316
1304,197
1305,80
1306,52
1305,35
1306,170
1307,951
1308,493
1309,49
1310,88
1311,528
1312,92
1313,87
1313,5
1314,315
1315,603
1316,48
1317,362
1317,61
1318,212
1319,37
1319,45
1320,885
1321,213
1322,339
1323,80
1324,174
1325,55
1325,45
1326,189
1327,85
1328,203
1329,273
1330,211
1331,3
1332,49
1333,103
1334,166
1335,121
1335,43
1336,434
1337,198
1338,398
1339,27
1340,119
1341,129
1341,19
1342,845
1343,257
1344,288
1345,61
1346,194
1347,75
1347,31
1348,170
1349,53
1350,238
1351,7
1350,59
1351,168
1352,33
1353,358
1354,78
1355,125
1356,47
1357,384
1358,263
1359,357
1360,2
1359,28
1360,168
1360,12
1361,95
1362,179
1363,285
1364,169
1365,249
1366,248
1367,859
1368,226
1368,59
1369,268
1370,69
1371,215
1372,119
1373,447
1374,18
1375,60
1376,89
1377,420
1378,46
1379,90
1380,41
1381,422
1382,203
1383,464
1384,380
1385,284
1385,4
1386,131
1386,89
1387,42
1388,101
1388,8
1389,235
1390,289
1391,526
1392,77
1393,354
1394,99
1395,6
1396,98
1397,112
1397,55
1398,192
1399,516
1400,137
1401,274
1402,128
1403,62
1404,363
1405,91
1406,316
1407,142
1408,34
1409,687
1410,19
1409,38
1410,147
1411,133
1412,329
1413,31
1414,203
1415,46
1416,613
1417,21
1418,3
1419,316
1420,521
1421,85
1422,274
1423,162
1424,79
1425,85
1426,407
1427,236
1428,286
1429,97
1430,130
1431,109
1431,11
1432,97
1433,845
1434,240
1435,838
1436,260
1436,64
1437,222
1438,510
1439,260
1440,18
1441,839
1442,280
1443,387
1444,606
1445,336
1446,78
1447,114
1448,80
1449,455
1450,90
1451,66
1452,373
1453,24
1454,88
1455,327
1456,56
1457,588
1458,2
1459,251
1460,264
1461,104
1462,432
1463,92
1464,79
1465,327
1466,125
1466,147
1467,741
1468,182
1469,1282
1470,258
1471,309
1472,48
1473,331
1474,150
1475,262
1476,133
1477,106
1478,44
1479,62
1480,346
1481,127
1483,379
1484,307
1485,113
1486,1056
1487,106
1488,403
1488,89
1489,76
1489,12
1490,21
1490,57
1491,228
1492,663
1493,316
1494,54
1495,150
1496,127
1497,260
1498,113
1499,16
1500,231
1501,50
1502,445
1503,148
1504,63
1505,288
1506,27
1507,82
1508,60
1509,265
1510,7
1511,3033
1512,21
1513,388
1514,2
1515,284
1516,216
1517,5
1518,444
1519,52
1520,244
1520,28
1521,40
1522,300
1523,208
1524,260
1525,47
1526,122
1527,729
1528,88
1529,446
1530,260
1531,1300
1532,197
1533,352
1534,138
1535,68
1536,53
1537,147
1538,161
1539,91
1540,812
1541,96
1542,272
1543,202
1544,1078
1545,67
1546,735
1547,262
1548,97
1549,200
1550,65
1550,47
1551,143
1552,117
1553,173
1554,296
1555,339
1556,21
1557,211
1558,97
1559,374
1560,50
1561,410
1562,528
1563,78
1564,458
1565,64
1566,88
1567,308
1568,16
1569,55
1570,37
1571,896
1572,221
1573,304
1574,10
1575,95
1576,392
1577,37
1577,38
1578,95
1579,48
1580,358
1581,137
1582,41
1583,80
1585,412
1586,283
1587,162
1588,126
1589,869
1590,224
1591,215
1592,110
1593,59
1594,483
1595,38
1594,19
1595,89
1596,104
1597,545
1598,81
1599,348
1600,505
1601,118
1601,75
1602,904
1603,216
1603,59
1604,275
1605,57
1606,345
1607,170
1608,247
1609,132
1610,151
1611,84
1612,287
1613,106
1614,441
1615,69
1616,88
1617,423
1618,65
1619,2
1620,696
1621,30
1622,86
1623,194
1624,301
1625,65
1627,149
1628,36
1629,112
1630,127
1631,213
1632,230
1633,102
1634,162
1635,471
1636,64
1637,202
1638,26
1637,81
1638,83
1639,121
1640,458
1641,66
1642,86
1642,44
1643,337
1644,69
1645,121
1646,395
1647,142
1648,162
1649,113
1650,249
1651,47
1652,2014
1652,49
1653,70
1653,41
1654,862
1655,340
1656,58
1657,343
1658,2
1659,330
1660,69
1661,306
1662,3
1663,468
1664,3
1663,14
1664,93
1665,91
1666,59
1667,668
1668,15
1669,215
1670,430
1671,256
1672,513
1673,171
1674,731
1675,4
1676,3709
1677,636
1678,40
1679,44
1680,24
1677,9
1678,16
1679,181
1680,117
1681,647
1682,4
1683,582
1684,33
1685,544
1686,82
1687,161
1688,350
1689,339
1690,195
1691,111
1692,269
1693,37
1694,134
1695,288
1696,160
1697,73
1698,68
1699,97
1700,298
1701,12
1702,1132
1703,679
1704,239
1705,536
1705,62
1706,9
1706,13
1707,144
1708,98
1709,836
1710,258
1711,308
1711,3
1712,118
1713,203
1714,286
1715,88
1716,35
1717,124
1717,86
1718,107
1719,92
1720,302
1721,48
1722,165
1723,92
1724,262
1725,21
1726,95
1726,62
1727,46
1728,112
1729,35
1730,663
1731,240
1732,1153
1733,350
1734,187
1735,87
1736,451
1737,80
1737,52
1738,49
1738,23
1739,341
1741,318
1742,260
1743,33
1744,365
1745,13
1747,346
1748,694
1749,224
1750,107
1751,398
1752,136
1753,203
1754,112
1755,530
1756,105
1757,527
1758,36
1759,172
1760,31
1761,531
1762,27
1763,51
1762,16
1763,161
1764,157
1765,352
1766,26
1767,167
1768,93
1769,432
1770,115
1771,90
1771,91
1772,608
1773,279
1773,11
1774,280
1775,49
1776,706
1777,100
1778,27
1778,36
1779,295
1780,77
1781,579
1782,36
1783,348
1783,38
1784,215
1785,24
1786,888
1787,201
1788,395
1788,56
1789,17
1790,103
1791,560
1792,217
1793,42
1794,290
1795,78
1796,459
1797,173
1798,367
1799,71
1800,498
1801,324
1802,137
1803,598
1804,725
1805,422
1805,5
1806,150
1807,67
1808,488
1809,34
1810,97
1811,480
1812,195
1813,141
1814,184
1815,927
1816,247
1816,20
1817,331
1818,28
1819,327
1819,49
1820,197
1820,9
1821,129
1821,38
1822,232
1823,61
1823,62
1824,89
1826,316
1827,5
1828,357
1829,522
1830,54
1831,266
1831,83
1832,175
1833,90
1834,198
1835,101
1836,5
1837,107
1835,29
1836,88
1837,99
1838,66
1839,58
1840,164
1841,350
1842,271
1843,10
1844,134
1845,471
1846,22
1847,237
1848,202
1849,370
1850,80
1851,203
1852,232
1853,167
1854,564
1855,129
1855,5
1856,208
1857,36
1858,1134
1859,389
1860,136
1861,94
1862,404
1863,142
1864,58
1865,338
1866,68
1867,65
1868,112
1869,34
1870,233
1871,286
1872,280
1873,14
1874,131
1875,6
1876,17
1876,38
1877,87
1878,774
1879,315
1879,9
1880,253
1881,42
1882,576
1883,39
1884,473
1885,43
1886,100
1887,418
1888,13
1889,103
1890,74
1891,443
1892,249
1893,197
1894,73
1895,238
1896,181
1897,84
1898,12
1899,143
1898,4
1899,6
1900,87
1901,218
1902,892
1903,323
1904,38
1905,166
1906,153
1907,28
1908,237
1909,80
1910,178
1911,7
1912,673
1913,80
1915,662
1916,211
1917,225
1917,74
1918,105
1919,153
1920,60
1921,411
1922,61
1923,188
1924,110
1925,34
1926,265
1927,38
1928,280
1929,265
1930,105
1930,35
1931,362
1932,570
1933,78
1934,335
1935,4
1936,554
1937,154
1938,254
1939,369
1940,227
1941,147
1941,63
1942,32
1943,198
1944,345
1944,15
1945,719
1946,341
1947,36
1948,202
1949,90
1950,849
1951,4
1952,422
1953,682
1954,360
1955,72
1956,282
1957,9
1958,739
1959,89
1959,73
1960,192
1961,187
1962,276
1963,94
1964,240
1965,392
1966,36
1967,272
1968,216
1969,183
1970,354
1971,35
1972,190
1973,114
1974,429
1975,296
1976,120
1977,142
1978,130
1979,141
1980,1488
1981,64
1981,73
1982,528
1983,225
1984,709
1985,348
1986,83
1987,112
1988,166
1989,490
1990,47
1991,83
1992,470
1993,120
1994,413
1995,70
1995,49
1996,164
1997,5
1998,892
1999,270
2000,194
2001,85
2002,91
2003,425
2004,82
2005,204
2006,327
2007,16
2008,63
2009,126
2010,160
2010,87
2011,79
2012,75
2013,35
2014,123
2015,183
2016,10
2017,16
2018,107
2019,957
2020,64
2021,412
2023,681
2024,777
2025,3
2026,227
2027,261
2029,237
2031,260
2032,126
2033,101
2034,218
2035,25
2037,149
2038,152
2039,4291
2040,529
2041,82
2042,116
2043,336
2044,54
2045,196
2045,10
2046,46
2047,223
2048,22
2049,35
2050,111
2051,410
2052,21
2053,348
2054,93
2056,215
2057,680
2058,181
2059,12
2060,411
2061,147
2062,313
2063,408
2064,157
2065,958
2066,492
2067,59
2068,49
2069,535
2070,408
2071,183
2072,95
2073,297
2074,41
2075,241
2076,31
2075,102
2077,13
2078,120
2079,44
2080,86
2081,88
2082,301
2083,100
2084,314
2085,1993
2086,549
2087,65
2088,551
2089,462
2090,62
2091,77
2092,401
2093,92
2094,49
2095,61
2096,338
2097,107
2098,46
2099,378
2100,86
2101,56
2102,87
2103,314
2104,67
2105,100
2106,84
2107,61
2108,203
2109,308
2110,921
2111,399
2112,210
2112,59
2113,192
2114,48
2115,114
2116,308
2116,65
2117,121
2117,75
2118,132
2119,177
2120,38
2121,189
2122,91
2123,210
2124,172
2125,86
2126,164
2127,155
2128,72
2129,545
2129,66
2130,20
2131,75
2132,288
2133,352
2134,264
2135,321
2136,33
2137,178
2138,136
2139,229
2140,91
2141,27
2141,53
2142,163
2143,359
2144,178
2145,86
2146,396
2147,22
2146,54
2147,64
2148,158
2149,157
2150,236
2151,110
2152,134
2153,40
2154,98
2155,981
2156,97
2157,988
2158,52
2159,147
2159,48
2160,463
2161,197
2162,334
2163,89
2164,186
2165,300
2166,227
2167,4
2168,226
2169,111
2170,60
2171,371
2172,148
2173,91
2174,282
2175,94
2176,12
2177,33
2178,103
2175,7
2176,106
2176,27
2178,4
2179,159
2180,147
2181,1202
2182,306
2183,213
2184,88
2185,432
2186,81
2187,184
2188,302
2189,241
2190,66
2191,201
2192,84
2193,206
2194,33
2195,127
2196,94
2197,97
2198,70
2199,181
2200,80
2201,115
2202,76
2203,83
2204,112
2205,269
2206,23
2205,51
2207,124
2208,738
2209,324
2210,37
2211,251
2212,39
2213,560
2214,198
2214,63
2215,282
2216,105
2217,259
2218,185
2219,159
2220,193
2221,125
2222,96
2223,91
2224,210
2225,186
2225,89
2227,109
2228,47
2229,133
2230,532
2231,180
2231,33
2232,179
2233,154
2234,122
2235,475
2236,452
2237,64
2238,167
2238,79
2239,203
2240,543
2241,3
2242,220
2243,314
2244,95
2245,102
2246,89
2247,344
2248,134
2249,593
2250,6
2251,213
2252,62
2253,586
2254,298
2255,891
2256,197
2256,83
2257,34
2258,210
2259,83
2260,469
2261,560
2262,262
2263,13
2264,391
2265,178
2266,75
2266,38
2267,243
2268,100
2269,114
2270,156
2271,154
2272,208
2273,360
2274,72
2275,1409
2276,120
2276,5
2277,415
2278,335
2279,11
2280,464
2281,284
2282,39
2283,94
2284,317
2285,3
2286,128
2286,53
2287,271
2288,14
2289,629
2290,456
2291,84
2292,86
2293,949
2294,367
2295,302
2296,2
2297,831
2298,261
2298,49
2299,34
2301,352
2302,93
2303,7
2304,624
2305,25
2306,588
2307,42
2308,97
2309,466
2310,198
2311,316
2312,212
2313,29
2314,243
2315,29
2316,269
2317,504
2317,7
2318,257
2318,44
2319,56
2319,57
2320,97
2321,715
2322,391
2323,5
2322,51
2323,144
2324,117
2325,110
2326,6
2327,1000
2327,5
2328,143
2329,5016
2330,6
2331,71
2332,208
2333,916
2334,203
2335,316
2336,62
2337,83
2338,116
2339,335
2340,101
2341,45
2342,84
2343,100
2344,212
2345,975
2346,570
2347,156
2347,29
2348,146
2349,135
2350,74
2351,134
2352,209
2353,92
2354,456
2355,95
2356,50
2357,376
2358,205
2359,50
2360,279
2361,71
2362,149
2363,76
2364,69
2365,172
2366,291
2367,258
2368,7
2369,528
2370,74
2371,343
2372,110
2373,96
2374,74
2374,36
2375,208
2376,247
2377,339
2378,65
2379,150
2380,92
2380,67
2381,382
2382,482
2383,90
2384,71
2385,234
2386,253
2387,269
2388,96
2389,328
2390,87
2391,106
2392,91
2393,259
2394,76
2395,220
2396,158
2397,111
2398,431
2399,509
2400,96
2401,445
2402,73
2402,66
2403,50
2403,36
2404,161
2405,937
2406,538
2406,55
2407,20
2408,147
2409,849
2409,59
2410,234
2410,17
2411,156
2412,642
2413,159
2414,511
2415,112
2415,57
2416,343
2417,645
2418,3
2419,803
2420,382
2421,23
2422,114
2423,89
2424,330
2425,101
2426,113
2427,124
2428,240
2429,149
2430,310
2431,233
2432,400
2433,669
2434,387
2435,29
2436,129
2437,65
2438,474
2439,707
2440,90
2441,520
2442,258
2443,72
2444,199
2445,86
2446,262
2447,137
2448,42
2449,330
2450,17
2451,110
2452,73
2453,95
2454,264
2455,161
2456,3
2455,102
2456,331
2457,108
2457,19
2458,45
2459,615
2460,5
2459,110
2460,97
2461,323
2463,335
2464,334
2465,97
2464,13
2465,5
2466,29
2467,1461
2468,73
2469,617
2470,211
2471,223
2472,58
2473,509
2474,150
2475,324
2476,114
2477,60
2478,403
2479,80
2480,175
2481,201
2482,107
2483,39
2484,161
2485,976
2485,33
2486,77
2487,498
2488,652
2489,316
2490,56
2491,189
2492,52
2493,300
2494,115
2495,121
2496,259
2497,242
2497,38
2498,161
2499,886
2500,240
2501,293
2502,78
2503,189
2504,45
2505,179
2506,79
2507,75
2508,136
2509,71
2510,374
2511,22
2510,14
2511,54
2512,99
2513,531
2514,201
2515,233
2516,344
2517,48
2518,139
2519,144
2520,538
2521,100
2521,82
2522,251
2523,72
2524,525
2525,58
2526,295
2527,74
2526,32
2527,47
2528,20
2529,738
2529,62
2530,89
2531,195
2531,30
2532,166
2533,232
2534,213
2535,230
2536,288
2537,362
2538,108
2539,33
2540,110
2541,298
2542,85
2543,182
2544,1001
2545,99
2546,234
2547,236
2547,16
2548,117
2549,178
2550,56
2551,301
2552,235
2552,77
2553,2
2554,267
2555,33
2556,182
2557,251
2558,674
2559,15
2560,820
2561,126
2562,221
2563,117
2564,52
2565,207
2566,41
2567,56
2569,274
2570,168
2571,134
2572,121
2573,32
2574,316
2575,324
2576,318
2577,479
2578,51
2579,127
2580,330
2581,173
2581,59
2582,155
2583,175
2584,82
2585,220
2586,192
2587,45
2588,262
2589,144
2589,6
2590,224
2591,1254
2592,261
2593,378
2594,30
2595,534
2596,130
2596,22
2597,272
2598,145
2598,64
2599,369
2599,24
2600,82
2601,157
2601,63
2602,125
2603,985
2604,479
2605,76
2606,62
2605,14
2606,92
2608,586
2609,568
2610,259
2610,60
2611,200
2611,46
2612,38
2613,319
2614,152
2615,52
2616,152
2617,445
2618,212
2618,5
2619,4
2620,123
2621,185
2622,130
2623,294
2624,272
2625,93
2626,219
2627,23
2628,290
2629,83
2630,322
2631,56
2632,62
2633,104
2634,55
2635,407
2636,76
2637,477
2638,58
2639,83
2640,373
2641,77
2642,144
2643,3
2642,91
2643,220
2643,5
2644,60
2644,79
2645,17
2646,44
2647,950
2648,146
2649,416
2650,125
2651,11
2652,522
2653,101
2654,877
2655,194
2656,353
2657,66
2656,26
2657,41
2658,127
2659,705
2659,59
2660,329
2661,16
2662,561
2663,65
2664,56
2665,216
2666,194
2667,216
2668,662
2669,298
2670,62
2671,166
2672,187
2673,240
2674,7
2675,208
2676,5
2677,200
2678,2
2679,573
2681,141
2682,276
2683,649
2684,142
2685,109
2686,2
2687,941
2687,71
2688,30
2689,51
2690,364
2691,522
2692,7614
2693,264
2694,155
2695,167
2696,87
2697,59
2698,13
2697,21
2698,429
2699,875
2700,255
2700,41
2701,260
2701,37
2702,22
2703,343
2704,231
2705,288
2706,3
2708,19
2707,187
2709,919
2710,153
2711,51
2712,35
2713,379
2714,124
2715,185
2716,130
2717,554
2718,299
2719,252
2720,383
2721,12
2722,225
2723,75
2724,297
2725,77
2726,273
2727,249
2728,80
2729,17
2730,403
2731,987
2732,98
2733,716
2734,117
2735,666
2736,103
2737,286
2738,155
2739,176
2741,250
